8 0.375781 0.076042 0.045312 0.077083
8 0.432031 0.076042 0.045312 0.077083
8 0.489844 0.073958 0.045312 0.077083
8 0.553906 0.073958 0.045312 0.077083
8 0.610156 0.073958 0.045312 0.077083
8 0.666406 0.071875 0.045312 0.077083
8 0.724219 0.065625 0.045312 0.077083
8 0.775781 0.065625 0.045312 0.077083
8 0.785156 0.151042 0.045312 0.077083
8 0.724219 0.151042 0.045312 0.077083
8 0.666406 0.153125 0.045312 0.077083
8 0.611719 0.155208 0.045312 0.077083
8 0.553906 0.151042 0.045312 0.077083
8 0.494531 0.155208 0.045312 0.077083
8 0.438281 0.159375 0.045312 0.077083
8 0.375781 0.155208 0.045312 0.077083
8 0.378125 0.244792 0.053125 0.097917
8 0.435937 0.251042 0.053125 0.097917
8 0.489063 0.244792 0.053125 0.097917
8 0.546875 0.246875 0.053125 0.097917
8 0.607812 0.244792 0.053125 0.097917
8 0.667188 0.240625 0.053125 0.097917
8 0.728125 0.242708 0.053125 0.097917
8 0.785156 0.242708 0.054688 0.093750
8 0.791406 0.338542 0.054688 0.093750
8 0.733594 0.346875 0.054688 0.089583
8 0.674219 0.340625 0.054688 0.093750
8 0.614844 0.344792 0.054688 0.093750
8 0.552344 0.346875 0.054688 0.093750
8 0.496094 0.342708 0.054688 0.093750
8 0.436719 0.340625 0.054688 0.093750
8 0.374219 0.338542 0.054688 0.093750
8 0.377344 0.434375 0.054688 0.093750
8 0.433594 0.436458 0.054688 0.093750
8 0.492969 0.436458 0.054688 0.093750
8 0.549219 0.432292 0.054688 0.093750
8 0.610156 0.432292 0.054688 0.093750
8 0.672656 0.434375 0.054688 0.093750
8 0.732812 0.434375 0.059375 0.085417
8 0.790625 0.426042 0.059375 0.085417
8 0.796875 0.511458 0.059375 0.085417
8 0.740625 0.511458 0.059375 0.085417
8 0.675000 0.519792 0.059375 0.085417
8 0.614062 0.521875 0.059375 0.085417
8 0.553125 0.519792 0.059375 0.085417
8 0.489063 0.523958 0.059375 0.085417
8 0.429688 0.528125 0.059375 0.085417
8 0.368750 0.519792 0.059375 0.085417
8 0.368750 0.607292 0.059375 0.085417
8 0.432812 0.605208 0.059375 0.085417
8 0.492188 0.609375 0.059375 0.085417
8 0.554688 0.607292 0.059375 0.085417
8 0.612500 0.605208 0.059375 0.085417
8 0.675000 0.601042 0.059375 0.085417
8 0.735938 0.596875 0.059375 0.085417
8 0.795312 0.598958 0.059375 0.085417
8 0.806250 0.690625 0.059375 0.085417
8 0.742188 0.690625 0.059375 0.085417
8 0.681250 0.690625 0.059375 0.085417
8 0.617188 0.692708 0.059375 0.085417
8 0.556250 0.698958 0.059375 0.085417
8 0.493750 0.696875 0.059375 0.085417
8 0.435937 0.690625 0.059375 0.085417
8 0.375000 0.701042 0.059375 0.085417
8 0.371875 0.792708 0.059375 0.085417
8 0.368750 0.903125 0.059375 0.085417
8 0.439063 0.901042 0.059375 0.085417
8 0.434375 0.794792 0.059375 0.085417
8 0.501563 0.794792 0.059375 0.085417
8 0.500000 0.896875 0.059375 0.085417
8 0.570312 0.894792 0.059375 0.085417
8 0.562500 0.798958 0.059375 0.085417
8 0.629687 0.801042 0.059375 0.085417
8 0.629687 0.892708 0.059375 0.085417
8 0.687500 0.890625 0.059375 0.085417
8 0.753125 0.886458 0.059375 0.085417
8 0.823438 0.890625 0.059375 0.085417
8 0.818750 0.784375 0.059375 0.085417
8 0.756250 0.788542 0.059375 0.085417
8 0.687500 0.788542 0.059375 0.085417
