10 0.390625 0.087500 0.025000 0.054167
10 0.431250 0.100000 0.025000 0.054167
10 0.484375 0.102083 0.025000 0.054167
10 0.531250 0.105208 0.034375 0.052083
10 0.578125 0.109375 0.034375 0.052083
10 0.618750 0.109375 0.034375 0.052083
10 0.667188 0.113542 0.034375 0.052083
10 0.714844 0.111458 0.045312 0.056250
10 0.717969 0.180208 0.045312 0.056250
10 0.668750 0.181250 0.050000 0.070833
10 0.625000 0.181250 0.050000 0.070833
10 0.576562 0.181250 0.050000 0.070833
10 0.531250 0.179167 0.050000 0.070833
10 0.482812 0.172917 0.050000 0.070833
10 0.434375 0.168750 0.050000 0.070833
10 0.382812 0.177083 0.050000 0.070833
10 0.379688 0.243750 0.050000 0.070833
10 0.428125 0.239583 0.050000 0.070833
10 0.481250 0.245833 0.050000 0.070833
10 0.528125 0.252083 0.050000 0.070833
10 0.581250 0.260417 0.050000 0.070833
10 0.618750 0.260417 0.050000 0.070833
10 0.667188 0.260417 0.050000 0.070833
10 0.712500 0.260417 0.050000 0.070833
10 0.715625 0.329167 0.050000 0.070833
10 0.667188 0.322917 0.050000 0.070833
10 0.620313 0.327083 0.050000 0.070833
10 0.570312 0.322917 0.043750 0.070833
10 0.523438 0.325000 0.043750 0.070833
10 0.478125 0.320833 0.043750 0.070833
10 0.429688 0.312500 0.043750 0.070833
10 0.385937 0.314583 0.050000 0.070833
10 0.376563 0.381250 0.050000 0.070833
10 0.426563 0.385417 0.050000 0.070833
10 0.473438 0.395833 0.050000 0.070833
10 0.520312 0.393750 0.050000 0.070833
10 0.570312 0.393750 0.050000 0.070833
10 0.617188 0.397917 0.050000 0.070833
10 0.667188 0.397917 0.050000 0.070833
10 0.714063 0.402083 0.050000 0.070833
10 0.709375 0.477083 0.050000 0.070833
10 0.662500 0.477083 0.050000 0.070833
10 0.613281 0.473958 0.054688 0.072917
10 0.564063 0.476042 0.037500 0.077083
10 0.525000 0.473958 0.037500 0.077083
10 0.478125 0.472917 0.050000 0.079167
10 0.429688 0.470833 0.050000 0.079167
10 0.378125 0.460417 0.050000 0.079167
10 0.375000 0.529167 0.050000 0.079167
10 0.428125 0.537500 0.050000 0.079167
10 0.476562 0.531250 0.050000 0.079167
10 0.520312 0.541667 0.050000 0.079167
10 0.562500 0.539583 0.050000 0.079167
10 0.607812 0.550000 0.050000 0.079167
10 0.654687 0.554167 0.050000 0.079167
10 0.709375 0.554167 0.050000 0.079167
10 0.710938 0.627083 0.050000 0.079167
10 0.659375 0.625000 0.050000 0.079167
10 0.609375 0.627083 0.050000 0.079167
10 0.562500 0.622917 0.050000 0.079167
10 0.520312 0.616667 0.050000 0.079167
10 0.464062 0.618750 0.050000 0.079167
10 0.415625 0.610417 0.050000 0.079167
10 0.368750 0.612500 0.050000 0.079167
10 0.365625 0.691667 0.050000 0.079167
10 0.368750 0.758333 0.050000 0.079167
10 0.412500 0.760417 0.050000 0.079167
10 0.414062 0.685417 0.050000 0.079167
10 0.464062 0.683333 0.050000 0.079167
10 0.459375 0.756250 0.050000 0.079167
10 0.514062 0.758333 0.050000 0.079167
10 0.512500 0.691667 0.050000 0.079167
10 0.564063 0.693750 0.050000 0.079167
10 0.565625 0.764583 0.050000 0.079167
10 0.614062 0.766667 0.050000 0.079167
10 0.609375 0.693750 0.050000 0.079167
10 0.656250 0.693750 0.050000 0.079167
10 0.659375 0.758333 0.050000 0.079167
10 0.701562 0.770833 0.050000 0.079167
10 0.703125 0.704167 0.050000 0.079167
