3 0.298438 0.112500 0.053125 0.070833
3 0.354687 0.114583 0.053125 0.058333
3 0.417187 0.109375 0.043750 0.060417
3 0.474219 0.098958 0.051562 0.060417
3 0.535937 0.093750 0.053125 0.062500
3 0.595313 0.084375 0.053125 0.064583
3 0.653125 0.085417 0.046875 0.070833
3 0.710156 0.078125 0.048438 0.072917
3 0.303125 0.209375 0.040625 0.047917
3 0.360938 0.194792 0.043750 0.052083
3 0.425781 0.198958 0.051562 0.043750
3 0.478906 0.188542 0.048438 0.060417
3 0.542969 0.181250 0.051562 0.054167
3 0.596094 0.178125 0.045312 0.047917
3 0.657813 0.172917 0.059375 0.050000
3 0.724219 0.171875 0.060937 0.068750
3 0.310937 0.290625 0.046875 0.064583
3 0.371094 0.284375 0.054688 0.072917
3 0.430469 0.276042 0.048438 0.064583
3 0.484375 0.275000 0.050000 0.058333
3 0.550000 0.270833 0.050000 0.058333
3 0.603906 0.260417 0.045312 0.062500
3 0.658594 0.258333 0.054688 0.066667
3 0.719531 0.258333 0.054688 0.062500
3 0.321094 0.386458 0.051562 0.068750
3 0.378906 0.381250 0.051562 0.070833
3 0.442188 0.372917 0.046875 0.062500
3 0.492969 0.361458 0.035937 0.064583
3 0.550000 0.361458 0.040625 0.056250
3 0.608594 0.345833 0.051562 0.058333
3 0.671094 0.344792 0.054688 0.060417
3 0.729688 0.338542 0.046875 0.068750
3 0.321094 0.475000 0.045312 0.054167
3 0.382812 0.473958 0.050000 0.043750
3 0.447656 0.456250 0.045312 0.066667
3 0.497656 0.452083 0.048438 0.054167
3 0.561719 0.443750 0.051562 0.066667
3 0.617188 0.435417 0.056250 0.070833
3 0.677344 0.433333 0.048438 0.070833
3 0.734375 0.427083 0.040625 0.062500
3 0.749219 0.515625 0.057813 0.081250
3 0.680469 0.521875 0.042188 0.077083
3 0.628906 0.526042 0.051562 0.068750
3 0.571094 0.528125 0.060937 0.077083
3 0.510156 0.537500 0.054688 0.066667
3 0.455469 0.542708 0.057813 0.068750
3 0.394531 0.552083 0.048438 0.066667
3 0.332031 0.558333 0.048438 0.058333
3 0.342969 0.656250 0.054688 0.070833
3 0.397656 0.651042 0.054688 0.068750
3 0.461719 0.638542 0.048438 0.064583
3 0.517969 0.627083 0.039062 0.062500
3 0.571094 0.620833 0.054688 0.058333
3 0.626563 0.614583 0.040625 0.066667
3 0.688281 0.612500 0.057813 0.062500
3 0.752344 0.607292 0.048438 0.072917
3 0.752344 0.691667 0.042188 0.066667
3 0.700781 0.696875 0.045312 0.068750
3 0.641406 0.709375 0.045312 0.068750
3 0.575781 0.714583 0.051562 0.075000
3 0.530469 0.721875 0.048438 0.064583
3 0.468750 0.728125 0.050000 0.068750
3 0.403125 0.734375 0.046875 0.068750
3 0.343750 0.745833 0.056250 0.058333
3 0.347656 0.831250 0.057813 0.083333
3 0.357812 0.937500 0.053125 0.066667
3 0.414062 0.839583 0.050000 0.062500
3 0.417187 0.933333 0.043750 0.095833
3 0.471094 0.822917 0.045312 0.058333
3 0.472656 0.916667 0.051562 0.075000
3 0.529687 0.813542 0.050000 0.060417
3 0.535156 0.912500 0.057813 0.087500
3 0.591406 0.812500 0.048438 0.079167
3 0.651563 0.797917 0.050000 0.075000
3 0.704688 0.794792 0.053125 0.068750
3 0.762500 0.785417 0.050000 0.070833
3 0.595313 0.898958 0.034375 0.060417
3 0.648438 0.885417 0.053125 0.066667
3 0.714063 0.878125 0.053125 0.068750
3 0.782031 0.865625 0.051562 0.077083