5 0.175000 0.069792 0.056250 0.072917
5 0.191406 0.189583 0.051562 0.075000
5 0.210938 0.286458 0.056250 0.081250
5 0.231250 0.405208 0.059375 0.085417
5 0.250000 0.495833 0.050000 0.070833
5 0.266406 0.594792 0.045312 0.077083
5 0.282813 0.692708 0.043750 0.072917
5 0.303125 0.796875 0.046875 0.089583
5 0.314063 0.892708 0.046875 0.085417
5 0.382812 0.881250 0.043750 0.066667
5 0.366406 0.777083 0.042188 0.079167
5 0.439063 0.762500 0.053125 0.075000
5 0.450000 0.860417 0.056250 0.108333
5 0.512500 0.852083 0.050000 0.091667
5 0.501563 0.752083 0.056250 0.083333
5 0.571094 0.836458 0.057813 0.093750
5 0.637500 0.817708 0.053125 0.072917
5 0.703906 0.794792 0.045312 0.068750
5 0.771094 0.790625 0.057813 0.072917
5 0.564844 0.731250 0.054688 0.066667
5 0.627344 0.721875 0.048438 0.081250
5 0.690625 0.709375 0.056250 0.056250
5 0.760156 0.691667 0.054688 0.070833
5 0.351562 0.685417 0.046875 0.075000
5 0.337500 0.585417 0.050000 0.066667
5 0.315625 0.483333 0.053125 0.075000
5 0.303906 0.380208 0.060937 0.089583
5 0.289844 0.269792 0.051562 0.085417
5 0.273438 0.177083 0.050000 0.083333
5 0.253906 0.053125 0.051562 0.081250
5 0.319531 0.037500 0.054688 0.070833
5 0.392188 0.030208 0.053125 0.052083
5 0.472656 0.022917 0.045312 0.041667
5 0.341406 0.159375 0.051562 0.068750
5 0.358594 0.261458 0.048438 0.068750
5 0.378906 0.370833 0.060937 0.075000
5 0.389062 0.462500 0.037500 0.066667
5 0.400781 0.570833 0.042188 0.070833
5 0.420312 0.661458 0.059375 0.068750
5 0.485938 0.650000 0.056250 0.079167
5 0.471094 0.554167 0.051562 0.083333
5 0.458594 0.460417 0.057813 0.083333
5 0.443750 0.348958 0.050000 0.102083
5 0.430469 0.250000 0.057813 0.066667
5 0.404687 0.141667 0.056250 0.079167
5 0.481250 0.123958 0.062500 0.068750
5 0.496094 0.237500 0.067187 0.058333
5 0.510938 0.343750 0.053125 0.058333
5 0.533594 0.448958 0.054688 0.072917
5 0.536719 0.538542 0.057813 0.081250
5 0.551562 0.643750 0.053125 0.083333
5 0.621094 0.622917 0.039062 0.054167
5 0.682813 0.607292 0.059375 0.077083
5 0.740625 0.594792 0.053125 0.077083
5 0.736719 0.504167 0.060937 0.091667
5 0.727344 0.393750 0.064062 0.075000
5 0.714844 0.293750 0.073438 0.079167
5 0.714063 0.192708 0.081250 0.072917
5 0.693750 0.075000 0.068750 0.091667
5 0.626563 0.091667 0.059375 0.100000
5 0.550781 0.100000 0.051562 0.095833
5 0.573438 0.215625 0.062500 0.093750
5 0.582031 0.321875 0.045312 0.072917
5 0.596094 0.430208 0.057813 0.072917
5 0.605469 0.531250 0.045312 0.091667
5 0.673438 0.517708 0.065625 0.081250
5 0.657813 0.406250 0.062500 0.066667
5 0.642969 0.294792 0.048438 0.047917
5 0.636719 0.203125 0.060937 0.102083
