0 0.319531 0.084375 0.032813 0.052083
0 0.378906 0.084375 0.039062 0.047917
0 0.437500 0.082292 0.053125 0.064583
0 0.513281 0.093750 0.039062 0.062500
0 0.563281 0.087500 0.051562 0.075000
0 0.623437 0.087500 0.065625 0.104167
0 0.686719 0.098958 0.057813 0.114583
0 0.752344 0.100000 0.057813 0.112500
0 0.325781 0.187500 0.045312 0.079167
0 0.335156 0.273958 0.057813 0.072917
0 0.338281 0.384375 0.057813 0.081250
0 0.331250 0.467708 0.059375 0.081250
0 0.327344 0.551042 0.064062 0.085417
0 0.388281 0.182292 0.051562 0.085417
0 0.392188 0.273958 0.065625 0.081250
0 0.396094 0.368750 0.045312 0.070833
0 0.394531 0.460417 0.057813 0.066667
0 0.389062 0.546875 0.068750 0.081250
0 0.443750 0.182292 0.046875 0.081250
0 0.449219 0.273958 0.051562 0.085417
0 0.449219 0.372917 0.067187 0.070833
0 0.453125 0.454167 0.056250 0.075000
0 0.453125 0.546875 0.056250 0.093750
0 0.503125 0.184375 0.050000 0.068750
0 0.561719 0.186458 0.048438 0.060417
0 0.627344 0.186458 0.060937 0.089583
0 0.689063 0.192708 0.056250 0.068750
0 0.753125 0.186458 0.059375 0.072917
0 0.508594 0.271875 0.057813 0.068750
0 0.564844 0.271875 0.048438 0.081250
0 0.621875 0.277083 0.059375 0.091667
0 0.683594 0.273958 0.067187 0.093750
0 0.752344 0.283333 0.073438 0.104167
0 0.508594 0.364583 0.048438 0.075000
0 0.510938 0.452083 0.059375 0.062500
0 0.508594 0.544792 0.057813 0.085417
0 0.560156 0.360417 0.054688 0.075000
0 0.566406 0.462500 0.054688 0.079167
0 0.566406 0.541667 0.054688 0.087500
0 0.619531 0.369792 0.054688 0.072917
0 0.622656 0.458333 0.057813 0.079167
0 0.622656 0.547917 0.064062 0.070833
0 0.681250 0.362500 0.053125 0.087500
0 0.684375 0.456250 0.065625 0.087500
0 0.685937 0.539583 0.062500 0.087500
0 0.740625 0.368750 0.059375 0.070833
0 0.744531 0.450000 0.048438 0.075000
0 0.750000 0.543750 0.062500 0.095833
0 0.317188 0.644792 0.056250 0.085417
0 0.320312 0.730208 0.056250 0.085417
0 0.324219 0.821875 0.057813 0.089583
0 0.321875 0.923958 0.059375 0.085417
0 0.392188 0.921875 0.050000 0.089583
0 0.388281 0.826042 0.051562 0.077083
0 0.386719 0.737500 0.064062 0.095833
0 0.389844 0.648958 0.064062 0.093750
0 0.450781 0.642708 0.054688 0.089583
0 0.503125 0.643750 0.053125 0.083333
0 0.563281 0.642708 0.057813 0.068750
0 0.628125 0.640625 0.053125 0.081250
0 0.685156 0.636458 0.054688 0.093750
0 0.747656 0.642708 0.064062 0.089583
0 0.454688 0.733333 0.062500 0.075000
0 0.451562 0.829167 0.053125 0.087500
0 0.448437 0.927083 0.053125 0.100000
0 0.514844 0.730208 0.057813 0.077083
0 0.509375 0.826042 0.053125 0.068750
0 0.507812 0.915625 0.053125 0.097917
0 0.571094 0.916667 0.048438 0.087500
0 0.632812 0.916667 0.050000 0.087500
0 0.689844 0.911458 0.045312 0.081250
0 0.746875 0.907292 0.056250 0.077083
0 0.572656 0.732292 0.048438 0.085417
0 0.567969 0.822917 0.054688 0.066667
0 0.629687 0.812500 0.043750 0.062500
0 0.628906 0.732292 0.051562 0.093750
0 0.685937 0.730208 0.050000 0.085417
0 0.685937 0.822917 0.050000 0.083333
0 0.749219 0.728125 0.060937 0.085417
0 0.753125 0.820833 0.059375 0.091667
