9 0.860156 0.058333 0.051562 0.066667
9 0.905469 0.097917 0.051562 0.066667
9 0.960156 0.177083 0.051562 0.066667
9 0.889844 0.243750 0.051562 0.066667
9 0.930469 0.318750 0.051562 0.066667
9 0.889844 0.387500 0.051562 0.066667
9 0.839844 0.331250 0.051562 0.066667
9 0.792969 0.260417 0.051562 0.066667
9 0.844531 0.191667 0.051562 0.066667
9 0.803906 0.129167 0.051562 0.066667
9 0.744531 0.187500 0.051562 0.066667
9 0.700781 0.139583 0.051562 0.066667
9 0.641406 0.085417 0.051562 0.066667
9 0.739844 0.070833 0.051562 0.066667
9 0.607031 0.152083 0.051562 0.066667
9 0.636719 0.210417 0.051562 0.066667
9 0.685156 0.268750 0.051562 0.066667
9 0.724219 0.325000 0.051562 0.066667
9 0.774219 0.387500 0.051562 0.066667
9 0.821094 0.445833 0.051562 0.066667
9 0.863281 0.502083 0.051562 0.066667
9 0.933594 0.435417 0.051562 0.066667
9 0.974219 0.518750 0.051562 0.066667
9 0.922656 0.581250 0.051562 0.066667
9 0.853906 0.664583 0.051562 0.066667
9 0.803906 0.716667 0.051562 0.066667
9 0.736719 0.639583 0.051562 0.066667
9 0.807031 0.583333 0.051562 0.066667
9 0.774219 0.527083 0.051562 0.066667
9 0.713281 0.575000 0.051562 0.066667
9 0.713281 0.441667 0.051562 0.066667
9 0.674219 0.497917 0.051562 0.066667
9 0.622656 0.454167 0.051562 0.066667
9 0.675781 0.391667 0.051562 0.066667
9 0.630469 0.331250 0.051562 0.066667
9 0.577344 0.400000 0.051562 0.066667
9 0.533594 0.345833 0.051562 0.066667
9 0.594531 0.279167 0.051562 0.066667
9 0.564844 0.227083 0.051562 0.066667
9 0.494531 0.283333 0.051562 0.066667
9 0.455469 0.329167 0.051562 0.066667
9 0.489844 0.404167 0.051562 0.066667
9 0.517969 0.447917 0.051562 0.066667
9 0.566406 0.518750 0.051562 0.066667
9 0.599219 0.570833 0.051562 0.066667
9 0.644531 0.635417 0.051562 0.066667
9 0.680469 0.691667 0.051562 0.066667
9 0.732031 0.766667 0.051562 0.066667
9 0.396094 0.412500 0.051562 0.066667
9 0.447656 0.462500 0.051562 0.066667
9 0.480469 0.512500 0.051562 0.066667
9 0.522656 0.585417 0.051562 0.066667
9 0.435156 0.583333 0.051562 0.066667
9 0.408594 0.518750 0.051562 0.066667
9 0.355469 0.456250 0.051562 0.066667
9 0.316406 0.500000 0.051562 0.066667
9 0.338281 0.564583 0.051562 0.066667
