0 0.042188 0.500000 0.062500 0.083333
0 0.079687 0.415625 0.050000 0.081250
0 0.106250 0.359375 0.050000 0.081250
0 0.150000 0.282292 0.056250 0.085417
0 0.181250 0.213542 0.056250 0.085417
0 0.209375 0.140625 0.056250 0.085417
0 0.245312 0.061458 0.056250 0.085417
0 0.342187 0.043750 0.056250 0.083333
0 0.312500 0.100000 0.056250 0.087500
0 0.273438 0.178125 0.056250 0.085417
0 0.243750 0.255208 0.056250 0.085417
0 0.203125 0.321875 0.056250 0.085417
0 0.173437 0.396875 0.056250 0.085417
0 0.135937 0.463542 0.056250 0.085417
0 0.100000 0.546875 0.056250 0.085417
0 0.154688 0.601042 0.056250 0.085417
0 0.190625 0.517708 0.056250 0.085417
0 0.226562 0.448958 0.056250 0.085417
0 0.260937 0.373958 0.056250 0.085417
0 0.293750 0.313542 0.056250 0.085417
0 0.331250 0.238542 0.056250 0.085417
0 0.362500 0.169792 0.056250 0.085417
0 0.398438 0.083333 0.056250 0.087500
0 0.462500 0.130208 0.056250 0.085417
0 0.431250 0.207292 0.056250 0.085417
0 0.385937 0.282292 0.056250 0.085417
0 0.353125 0.359375 0.056250 0.085417
0 0.320312 0.419792 0.056250 0.085417
0 0.284375 0.494792 0.056250 0.085417
0 0.251563 0.569792 0.056250 0.085417
0 0.215625 0.659375 0.056250 0.085417
0 0.270313 0.698958 0.056250 0.085417
0 0.315625 0.632292 0.056250 0.085417
0 0.343750 0.553125 0.056250 0.085417
0 0.381250 0.473958 0.056250 0.085417
0 0.412500 0.413542 0.056250 0.085417
0 0.446875 0.338542 0.056250 0.085417
0 0.492188 0.269792 0.056250 0.085417
0 0.518750 0.190625 0.056250 0.085417
0 0.585938 0.221875 0.056250 0.085417
0 0.657813 0.278125 0.056250 0.085417
0 0.725000 0.328125 0.056250 0.085417
0 0.792188 0.369792 0.056250 0.085417
0 0.859375 0.438542 0.056250 0.085417
0 0.845313 0.526042 0.056250 0.085417
0 0.765625 0.463542 0.056250 0.085417
0 0.681250 0.411458 0.056250 0.085417
0 0.612500 0.359375 0.056250 0.085417
0 0.550000 0.307292 0.056250 0.085417
0 0.521875 0.388542 0.056250 0.085417
0 0.576562 0.457292 0.056250 0.085417
0 0.645312 0.505208 0.056250 0.085417
0 0.718750 0.548958 0.056250 0.085417
0 0.800000 0.619792 0.056250 0.085417
0 0.760938 0.686458 0.056250 0.085417
0 0.684375 0.630208 0.056250 0.085417
0 0.614062 0.573958 0.056250 0.085417
0 0.543750 0.532292 0.056250 0.085417
0 0.485938 0.446875 0.056250 0.085417
0 0.439063 0.540625 0.056250 0.085417
0 0.500000 0.586458 0.056250 0.085417
0 0.573438 0.651042 0.056250 0.085417
0 0.645312 0.701042 0.056250 0.085417
0 0.714063 0.769792 0.056250 0.085417
0 0.684375 0.851042 0.056250 0.085417
0 0.607812 0.796875 0.056250 0.085417
0 0.545312 0.730208 0.056250 0.085417
0 0.640625 0.923958 0.056250 0.085417
0 0.570312 0.871875 0.056250 0.085417
0 0.525000 0.957292 0.056250 0.085417
0 0.509375 0.796875 0.056250 0.085417
0 0.465625 0.888542 0.056250 0.085417
0 0.395313 0.836458 0.056250 0.085417
0 0.328125 0.759375 0.056250 0.085417
0 0.376563 0.690625 0.056250 0.085417
0 0.445312 0.744792 0.056250 0.085417
0 0.470313 0.673958 0.056250 0.085417
0 0.410938 0.609375 0.056250 0.085417
