9 0.793750 0.248958 0.053125 0.056250
9 0.787500 0.321875 0.053125 0.056250
9 0.771875 0.415625 0.053125 0.056250
9 0.764062 0.484375 0.053125 0.056250
9 0.764062 0.573958 0.053125 0.056250
9 0.753125 0.640625 0.053125 0.056250
9 0.739062 0.723958 0.053125 0.056250
9 0.723437 0.819792 0.053125 0.056250
9 0.662500 0.798958 0.053125 0.056250
9 0.596875 0.776042 0.053125 0.056250
9 0.523438 0.751042 0.053125 0.056250
9 0.387500 0.713542 0.053125 0.056250
9 0.457813 0.740625 0.053125 0.056250
9 0.314063 0.701042 0.059375 0.060417
9 0.245312 0.682292 0.059375 0.060417
9 0.162500 0.673958 0.059375 0.060417
9 0.092188 0.653125 0.059375 0.060417
9 0.110937 0.571875 0.059375 0.060417
9 0.189062 0.584375 0.059375 0.060417
9 0.259375 0.603125 0.059375 0.060417
9 0.328125 0.611458 0.059375 0.060417
9 0.398438 0.638542 0.059375 0.060417
9 0.473438 0.653125 0.059375 0.060417
9 0.531250 0.667708 0.059375 0.060417
9 0.606250 0.686458 0.059375 0.060417
9 0.671875 0.705208 0.059375 0.060417
9 0.676562 0.626042 0.059375 0.060417
9 0.620313 0.607292 0.059375 0.060417
9 0.557813 0.590625 0.059375 0.060417
9 0.473438 0.567708 0.059375 0.060417
9 0.404687 0.553125 0.059375 0.060417
9 0.337500 0.540625 0.059375 0.060417
9 0.273438 0.521875 0.059375 0.060417
9 0.198437 0.507292 0.059375 0.060417
9 0.140625 0.486458 0.059375 0.060417
9 0.138281 0.400000 0.067187 0.070833
9 0.213281 0.418750 0.067187 0.070833
9 0.286719 0.439583 0.067187 0.070833
9 0.352344 0.460417 0.067187 0.070833
9 0.414844 0.472917 0.067187 0.070833
9 0.482031 0.495833 0.067187 0.070833
9 0.567969 0.518750 0.067187 0.070833
9 0.619531 0.535417 0.067187 0.070833
9 0.689844 0.541667 0.067187 0.070833
9 0.696094 0.477083 0.067187 0.070833
9 0.630469 0.450000 0.067187 0.070833
9 0.566406 0.429167 0.067187 0.070833
9 0.519531 0.412500 0.067187 0.070833
9 0.438281 0.387500 0.067187 0.070833
9 0.372656 0.370833 0.057813 0.045833
9 0.228906 0.341667 0.057813 0.045833
9 0.307031 0.369792 0.076563 0.064583
9 0.163281 0.247917 0.054688 0.058333
9 0.149219 0.319792 0.076563 0.064583
9 0.311719 0.293750 0.054688 0.058333
9 0.242969 0.272917 0.054688 0.058333
9 0.375781 0.314583 0.054688 0.058333
9 0.442969 0.325000 0.054688 0.058333
9 0.510156 0.343750 0.054688 0.058333
9 0.577344 0.356250 0.054688 0.058333
9 0.641406 0.377083 0.054688 0.058333
9 0.707031 0.383333 0.054688 0.058333
9 0.721094 0.322917 0.054688 0.058333
9 0.650781 0.300000 0.054688 0.058333
9 0.588281 0.285417 0.054688 0.058333
9 0.517969 0.268750 0.054688 0.058333
9 0.449219 0.237500 0.054688 0.058333
9 0.383594 0.218750 0.054688 0.058333
9 0.330469 0.208333 0.054688 0.058333
9 0.263281 0.189583 0.064062 0.050000
9 0.199219 0.164583 0.054688 0.058333
9 0.213281 0.085417 0.054688 0.058333
9 0.271094 0.122917 0.054688 0.058333
9 0.338281 0.129167 0.054688 0.058333
9 0.399219 0.154167 0.054688 0.058333
9 0.467969 0.170833 0.054688 0.058333
9 0.535156 0.191667 0.054688 0.058333
9 0.599219 0.206250 0.054688 0.058333
9 0.664844 0.220833 0.054688 0.058333
9 0.725781 0.235417 0.054688 0.058333
