10 0.773438 0.063542 0.046875 0.060417
10 0.721875 0.031250 0.046875 0.058333
10 0.675000 0.067708 0.046875 0.060417
10 0.709375 0.126042 0.046875 0.060417
10 0.756250 0.182292 0.046875 0.060417
10 0.807813 0.234375 0.046875 0.060417
10 0.818750 0.115625 0.046875 0.060417
10 0.862500 0.167708 0.046875 0.060417
10 0.917188 0.215625 0.046875 0.060417
10 0.976562 0.282292 0.046875 0.060417
10 0.921875 0.344792 0.046875 0.060417
10 0.973437 0.432292 0.046875 0.060417
10 0.860938 0.288542 0.046875 0.060417
10 0.798438 0.363542 0.046875 0.060417
10 0.748437 0.296875 0.046875 0.060417
10 0.703125 0.234375 0.046875 0.060417
10 0.673438 0.190625 0.046875 0.060417
10 0.628125 0.136458 0.046875 0.060417
10 0.567187 0.198958 0.046875 0.060417
10 0.601562 0.255208 0.046875 0.060417
10 0.640625 0.313542 0.046875 0.060417
10 0.685937 0.369792 0.046875 0.060417
10 0.729688 0.430208 0.046875 0.060417
10 0.782813 0.496875 0.046875 0.060417
10 0.848437 0.426042 0.046875 0.060417
10 0.907813 0.490625 0.046875 0.060417
10 0.971875 0.571875 0.046875 0.060417
10 0.898438 0.642708 0.046875 0.060417
10 0.846875 0.567708 0.046875 0.060417
10 0.842187 0.696875 0.046875 0.060417
10 0.779687 0.621875 0.046875 0.060417
10 0.739062 0.573958 0.046875 0.060417
10 0.695312 0.496875 0.046875 0.060417
10 0.639062 0.436458 0.046875 0.060417
10 0.592187 0.373958 0.046875 0.060417
10 0.557813 0.313542 0.046875 0.060417
10 0.518750 0.259375 0.046875 0.060417
10 0.464062 0.315625 0.046875 0.060417
10 0.404687 0.386458 0.046875 0.060417
10 0.365625 0.438542 0.046875 0.060417
10 0.312500 0.494792 0.046875 0.060417
10 0.260937 0.551042 0.046875 0.060417
10 0.285938 0.628125 0.046875 0.060417
10 0.342187 0.555208 0.046875 0.060417
10 0.401562 0.505208 0.046875 0.060417
10 0.453125 0.432292 0.046875 0.060417
10 0.481250 0.488542 0.046875 0.060417
10 0.498437 0.376042 0.046875 0.060417
10 0.539062 0.438542 0.046875 0.060417
10 0.571875 0.498958 0.046875 0.060417
10 0.615625 0.555208 0.046875 0.060417
10 0.660937 0.632292 0.046875 0.060417
10 0.710938 0.705208 0.046875 0.060417
10 0.767188 0.776042 0.046875 0.060417
10 0.701562 0.863542 0.046875 0.060417
10 0.657813 0.784375 0.046875 0.060417
10 0.615625 0.711458 0.046875 0.060417
10 0.575000 0.626042 0.046875 0.060417
10 0.526563 0.561458 0.046875 0.060417
10 0.428125 0.567708 0.046875 0.060417
10 0.460938 0.630208 0.046875 0.060417
10 0.509375 0.688542 0.046875 0.060417
10 0.542188 0.765625 0.046875 0.060417
10 0.598437 0.844792 0.046875 0.060417
10 0.637500 0.919792 0.046875 0.060417
10 0.539062 0.909375 0.046875 0.060417
10 0.495312 0.828125 0.046875 0.060417
10 0.450000 0.763542 0.046875 0.060417
10 0.417187 0.688542 0.046875 0.060417
10 0.382812 0.623958 0.046875 0.060417
10 0.326562 0.690625 0.046875 0.060417
10 0.362500 0.748958 0.046875 0.060417
10 0.385937 0.809375 0.046875 0.060417
10 0.428125 0.890625 0.046875 0.060417
