1 0.784375 0.252083 0.050000 0.050000
1 0.779687 0.318750 0.050000 0.050000
1 0.764062 0.385417 0.050000 0.050000
1 0.751563 0.454167 0.050000 0.050000
1 0.742188 0.533333 0.050000 0.050000
1 0.726562 0.612500 0.050000 0.050000
1 0.717187 0.675000 0.050000 0.050000
1 0.709375 0.758333 0.050000 0.050000
1 0.645312 0.743750 0.050000 0.050000
1 0.651563 0.668750 0.050000 0.050000
1 0.664062 0.595833 0.050000 0.050000
1 0.676562 0.518750 0.050000 0.050000
1 0.687500 0.443750 0.050000 0.050000
1 0.704688 0.377083 0.050000 0.050000
1 0.710938 0.310417 0.056250 0.050000
1 0.726562 0.233333 0.056250 0.050000
1 0.671875 0.208333 0.056250 0.050000
1 0.653906 0.282292 0.048438 0.052083
1 0.647656 0.353125 0.048438 0.052083
1 0.626563 0.417708 0.050000 0.056250
1 0.621875 0.498958 0.053125 0.052083
1 0.609375 0.565625 0.053125 0.052083
1 0.593750 0.640625 0.046875 0.060417
1 0.587500 0.711458 0.046875 0.060417
1 0.520312 0.698958 0.046875 0.060417
1 0.528125 0.628125 0.046875 0.060417
1 0.537500 0.557292 0.046875 0.060417
1 0.553125 0.488542 0.046875 0.060417
1 0.570312 0.415625 0.046875 0.060417
1 0.581250 0.342708 0.046875 0.060417
1 0.590625 0.265625 0.056250 0.060417
1 0.606250 0.195833 0.065625 0.062500
1 0.548438 0.164583 0.065625 0.062500
1 0.529687 0.239583 0.059375 0.058333
1 0.523438 0.318750 0.059375 0.058333
1 0.514062 0.389583 0.059375 0.058333
1 0.495312 0.453125 0.059375 0.060417
1 0.482812 0.528125 0.059375 0.060417
1 0.473438 0.609375 0.059375 0.060417
1 0.462500 0.686458 0.059375 0.060417
1 0.400000 0.661458 0.059375 0.060417
1 0.404687 0.590625 0.059375 0.060417
1 0.414062 0.517708 0.059375 0.060417
1 0.426563 0.434375 0.059375 0.060417
1 0.445312 0.373958 0.059375 0.060417
1 0.454688 0.296875 0.059375 0.060417
1 0.465625 0.213542 0.059375 0.060417
1 0.482812 0.144792 0.059375 0.060417
1 0.418750 0.123958 0.059375 0.060417
1 0.353125 0.101042 0.059375 0.060417
1 0.284375 0.065625 0.059375 0.060417
1 0.215625 0.034375 0.059375 0.060417
1 0.201563 0.123958 0.059375 0.060417
1 0.265625 0.136458 0.059375 0.060417
1 0.328125 0.171875 0.059375 0.060417
1 0.395313 0.188542 0.059375 0.060417
1 0.393750 0.263542 0.059375 0.060417
1 0.328125 0.244792 0.059375 0.060417
1 0.243750 0.219792 0.059375 0.060417
1 0.167187 0.270833 0.065625 0.062500
1 0.179688 0.194792 0.059375 0.060417
1 0.240625 0.294792 0.059375 0.060417
1 0.301563 0.309375 0.059375 0.060417
1 0.367188 0.342708 0.059375 0.060417
1 0.360938 0.417708 0.059375 0.060417
1 0.301563 0.388542 0.059375 0.060417
1 0.234375 0.373958 0.059375 0.060417
1 0.160938 0.353125 0.059375 0.060417
1 0.140625 0.428125 0.059375 0.060417
1 0.231250 0.459375 0.059375 0.060417
1 0.289062 0.469792 0.059375 0.060417
1 0.359375 0.478125 0.059375 0.060417
1 0.346875 0.559375 0.059375 0.060417
1 0.328125 0.636458 0.059375 0.060417
