1 0.730469 0.860417 0.048438 0.091667
1 0.727344 0.785417 0.048438 0.091667
1 0.725781 0.700000 0.048438 0.091667
1 0.724219 0.614583 0.048438 0.091667
1 0.728906 0.539583 0.048438 0.091667
1 0.721094 0.452083 0.048438 0.091667
1 0.724219 0.369792 0.051562 0.077083
1 0.721094 0.282292 0.054688 0.081250
1 0.721094 0.203125 0.054688 0.081250
1 0.717969 0.115625 0.054688 0.081250
1 0.661719 0.109375 0.054688 0.081250
1 0.660156 0.201042 0.054688 0.081250
1 0.663281 0.284375 0.054688 0.081250
1 0.664844 0.367708 0.054688 0.081250
1 0.666406 0.451042 0.054688 0.081250
1 0.666406 0.532292 0.054688 0.081250
1 0.669531 0.605208 0.054688 0.081250
1 0.672656 0.690625 0.054688 0.081250
1 0.671094 0.771875 0.054688 0.081250
1 0.675781 0.853125 0.054688 0.081250
1 0.621094 0.861458 0.054688 0.081250
1 0.621094 0.773958 0.054688 0.081250
1 0.564844 0.771875 0.054688 0.081250
1 0.561719 0.857292 0.054688 0.081250
1 0.513281 0.861458 0.054688 0.081250
1 0.505469 0.769792 0.054688 0.081250
1 0.452344 0.773958 0.054688 0.081250
1 0.458594 0.859375 0.054688 0.081250
1 0.402344 0.865625 0.054688 0.081250
1 0.349219 0.867708 0.054688 0.081250
1 0.346094 0.773958 0.054688 0.081250
1 0.407031 0.790625 0.054688 0.081250
1 0.347656 0.692708 0.054688 0.081250
1 0.407031 0.692708 0.054688 0.081250
1 0.457031 0.692708 0.054688 0.081250
1 0.503906 0.692708 0.054688 0.081250
1 0.561719 0.690625 0.054688 0.081250
1 0.616406 0.684375 0.054688 0.081250
1 0.619531 0.605208 0.054688 0.081250
1 0.564844 0.605208 0.054688 0.081250
1 0.508594 0.607292 0.054688 0.081250
1 0.458594 0.607292 0.054688 0.081250
1 0.400781 0.611458 0.054688 0.081250
1 0.342969 0.609375 0.054688 0.081250
1 0.339844 0.532292 0.054688 0.081250
1 0.396094 0.534375 0.054688 0.081250
1 0.449219 0.530208 0.054688 0.081250
1 0.502344 0.532292 0.054688 0.081250
1 0.557031 0.526042 0.054688 0.081250
1 0.616406 0.528125 0.054688 0.081250
1 0.613281 0.453125 0.054688 0.081250
1 0.557031 0.448958 0.054688 0.081250
1 0.510156 0.451042 0.054688 0.081250
1 0.452344 0.451042 0.054688 0.081250
1 0.394531 0.457292 0.054688 0.081250
1 0.339844 0.459375 0.054688 0.081250
1 0.335156 0.382292 0.054688 0.081250
1 0.394531 0.378125 0.054688 0.081250
1 0.449219 0.376042 0.054688 0.081250
1 0.500781 0.382292 0.054688 0.081250
1 0.547656 0.367708 0.054688 0.081250
1 0.602344 0.373958 0.054688 0.081250
1 0.616406 0.292708 0.054688 0.081250
1 0.555469 0.288542 0.054688 0.081250
1 0.496094 0.286458 0.054688 0.081250
1 0.442969 0.286458 0.054688 0.081250
1 0.396094 0.290625 0.054688 0.081250
1 0.335156 0.294792 0.054688 0.081250
1 0.328906 0.207292 0.054688 0.081250
1 0.389844 0.211458 0.054688 0.081250
1 0.444531 0.213542 0.054688 0.081250
1 0.494531 0.205208 0.054688 0.081250
1 0.547656 0.203125 0.054688 0.081250
1 0.607031 0.198958 0.054688 0.081250
1 0.607031 0.111458 0.054688 0.081250
1 0.549219 0.109375 0.054688 0.081250
1 0.499219 0.115625 0.054688 0.081250
1 0.450781 0.115625 0.054688 0.081250
1 0.397656 0.111458 0.054688 0.081250
1 0.333594 0.111458 0.054688 0.081250
