8 0.507031 0.240625 0.035937 0.068750
8 0.555469 0.238542 0.035937 0.068750
8 0.628906 0.223958 0.035937 0.068750
8 0.689844 0.223958 0.035937 0.068750
8 0.767969 0.211458 0.035937 0.068750
8 0.838281 0.201042 0.035937 0.068750
8 0.921094 0.190625 0.035937 0.068750
8 0.928906 0.296875 0.035937 0.068750
8 0.842969 0.303125 0.035937 0.068750
8 0.750781 0.311458 0.035937 0.068750
8 0.682031 0.307292 0.035937 0.068750
8 0.619531 0.317708 0.035937 0.068750
8 0.563281 0.319792 0.035937 0.068750
8 0.496094 0.326042 0.035937 0.068750
8 0.474219 0.417708 0.035937 0.068750
8 0.541406 0.413542 0.035937 0.068750
8 0.605469 0.415625 0.035937 0.068750
8 0.674219 0.419792 0.035937 0.068750
8 0.750781 0.419792 0.035937 0.068750
8 0.828906 0.415625 0.035937 0.068750
8 0.924219 0.421875 0.035937 0.068750
8 0.921094 0.534375 0.035937 0.068750
8 0.832031 0.538542 0.035937 0.068750
8 0.742969 0.526042 0.035937 0.068750
8 0.672656 0.521875 0.035937 0.068750
8 0.594531 0.513542 0.035937 0.068750
8 0.538281 0.511458 0.035937 0.068750
8 0.467969 0.503125 0.035937 0.068750
8 0.464844 0.595833 0.039062 0.075000
8 0.527344 0.606250 0.039062 0.075000
8 0.588281 0.612500 0.039062 0.075000
8 0.660156 0.629167 0.039062 0.075000
8 0.738281 0.635417 0.039062 0.075000
8 0.814844 0.639583 0.039062 0.075000
8 0.919531 0.675000 0.039062 0.075000
8 0.919531 0.793750 0.039062 0.075000
8 0.824219 0.783333 0.039062 0.075000
8 0.730469 0.764583 0.039062 0.075000
8 0.647656 0.745833 0.039062 0.075000
8 0.582031 0.733333 0.039062 0.075000
8 0.516406 0.720833 0.039062 0.075000
8 0.452344 0.700000 0.039062 0.075000
8 0.438281 0.806250 0.039062 0.075000
8 0.422656 0.925000 0.039062 0.075000
8 0.482031 0.939583 0.039062 0.075000
8 0.496094 0.814583 0.039062 0.075000
8 0.564844 0.833333 0.039062 0.075000
8 0.555469 0.962500 0.039062 0.075000
8 0.638281 0.875000 0.039062 0.075000
8 0.722656 0.882292 0.032813 0.068750
8 0.811719 0.923958 0.032813 0.068750
8 0.913281 0.940625 0.032813 0.068750
