3 0.831250 0.200000 0.062500 0.066667
3 0.828125 0.270833 0.062500 0.066667
3 0.828125 0.350000 0.062500 0.066667
3 0.823438 0.425000 0.062500 0.066667
3 0.828125 0.504167 0.062500 0.066667
3 0.826562 0.579167 0.062500 0.066667
3 0.828125 0.658333 0.062500 0.066667
3 0.821875 0.735417 0.062500 0.066667
3 0.751563 0.741667 0.062500 0.066667
3 0.754687 0.660417 0.062500 0.066667
3 0.756250 0.562500 0.062500 0.066667
3 0.754687 0.500000 0.062500 0.066667
3 0.759375 0.422917 0.062500 0.066667
3 0.760938 0.345833 0.062500 0.066667
3 0.764062 0.266667 0.062500 0.066667
3 0.765625 0.204167 0.062500 0.066667
3 0.700000 0.189583 0.062500 0.066667
3 0.695312 0.279167 0.062500 0.066667
3 0.695312 0.345833 0.062500 0.066667
3 0.692187 0.416667 0.062500 0.066667
3 0.693750 0.483333 0.062500 0.066667
3 0.692187 0.558333 0.062500 0.066667
3 0.685937 0.637500 0.062500 0.066667
3 0.682813 0.722917 0.062500 0.066667
3 0.610938 0.712500 0.062500 0.066667
3 0.610938 0.633333 0.062500 0.066667
3 0.618750 0.560417 0.062500 0.066667
3 0.623437 0.479167 0.062500 0.066667
3 0.626563 0.406250 0.062500 0.066667
3 0.628125 0.339583 0.062500 0.066667
3 0.632812 0.275000 0.062500 0.066667
3 0.639062 0.191667 0.062500 0.066667
3 0.582812 0.195833 0.062500 0.066667
3 0.568750 0.264583 0.062500 0.066667
3 0.568750 0.329167 0.062500 0.066667
3 0.565625 0.408333 0.062500 0.066667
3 0.564063 0.466667 0.062500 0.066667
3 0.554688 0.543750 0.062500 0.066667
3 0.553125 0.625000 0.062500 0.066667
3 0.545312 0.712500 0.062500 0.066667
3 0.465625 0.695833 0.062500 0.066667
3 0.404687 0.675000 0.062500 0.066667
3 0.351562 0.668750 0.062500 0.066667
3 0.278125 0.668750 0.062500 0.066667
3 0.234375 0.585417 0.062500 0.066667
3 0.295312 0.591667 0.062500 0.066667
3 0.356250 0.602083 0.062500 0.066667
3 0.423438 0.608333 0.062500 0.066667
3 0.481250 0.618750 0.062500 0.066667
3 0.500000 0.547917 0.062500 0.066667
3 0.420312 0.533333 0.062500 0.066667
3 0.375000 0.527083 0.062500 0.066667
3 0.310937 0.518750 0.062500 0.066667
3 0.257812 0.518750 0.062500 0.066667
3 0.257812 0.450000 0.062500 0.066667
3 0.264062 0.372917 0.062500 0.066667
3 0.328125 0.372917 0.062500 0.066667
3 0.314063 0.457292 0.065625 0.077083
3 0.378125 0.467708 0.065625 0.077083
3 0.381250 0.386458 0.065625 0.077083
3 0.437500 0.401042 0.065625 0.077083
3 0.428125 0.471875 0.065625 0.077083
3 0.495312 0.476042 0.065625 0.077083
3 0.500000 0.413542 0.065625 0.077083
3 0.509375 0.326042 0.065625 0.077083
3 0.459375 0.326042 0.065625 0.077083
3 0.382812 0.319792 0.065625 0.077083
3 0.331250 0.309375 0.065625 0.077083
3 0.267188 0.307292 0.065625 0.077083
3 0.270313 0.246875 0.065625 0.077083
3 0.279687 0.169792 0.065625 0.077083
3 0.345313 0.176042 0.065625 0.077083
3 0.326562 0.236458 0.065625 0.077083
3 0.389062 0.255208 0.065625 0.077083
3 0.400000 0.173958 0.065625 0.077083
3 0.457813 0.176042 0.065625 0.077083
3 0.443750 0.242708 0.065625 0.077083
3 0.506250 0.261458 0.065625 0.077083
3 0.521875 0.186458 0.065625 0.077083
