6 0.673438 0.050000 0.062500 0.079167
6 0.718750 0.081250 0.062500 0.079167
6 0.771875 0.129167 0.062500 0.079167
6 0.826562 0.181250 0.062500 0.079167
6 0.893750 0.245833 0.062500 0.079167
6 0.953125 0.293750 0.062500 0.079167
6 0.959375 0.443750 0.062500 0.079167
6 0.895312 0.393750 0.062500 0.079167
6 0.831250 0.302083 0.062500 0.079167
6 0.776563 0.256250 0.062500 0.079167
6 0.723437 0.216667 0.062500 0.079167
6 0.675000 0.160417 0.062500 0.079167
6 0.625000 0.108333 0.062500 0.079167
6 0.570312 0.177083 0.062500 0.079167
6 0.614062 0.218750 0.062500 0.079167
6 0.656250 0.283333 0.062500 0.079167
6 0.717187 0.327083 0.062500 0.079167
6 0.768750 0.397917 0.062500 0.079167
6 0.832812 0.458333 0.062500 0.079167
6 0.896875 0.516667 0.062500 0.079167
6 0.962500 0.603125 0.065625 0.060417
6 0.900781 0.669792 0.064062 0.081250
6 0.841406 0.613542 0.064062 0.081250
6 0.772656 0.534375 0.064062 0.081250
6 0.717969 0.476042 0.064062 0.081250
6 0.660156 0.409375 0.064062 0.081250
6 0.619531 0.359375 0.064062 0.081250
6 0.577344 0.309375 0.064062 0.081250
6 0.527344 0.246875 0.064062 0.081250
6 0.471094 0.307292 0.064062 0.081250
6 0.517969 0.361458 0.064062 0.081250
6 0.560156 0.417708 0.064062 0.081250
6 0.602344 0.465625 0.064062 0.081250
6 0.642969 0.528125 0.064062 0.081250
6 0.705469 0.598958 0.064062 0.081250
6 0.774219 0.673958 0.064062 0.081250
6 0.830469 0.748958 0.064062 0.081250
6 0.771094 0.834375 0.064062 0.081250
6 0.694531 0.938542 0.064062 0.081250
6 0.639844 0.844792 0.064062 0.081250
6 0.711719 0.771875 0.064062 0.081250
6 0.650781 0.676042 0.064062 0.081250
6 0.582031 0.746875 0.064062 0.081250
6 0.610156 0.621875 0.064062 0.081250
6 0.547656 0.684375 0.064062 0.081250
6 0.552344 0.557292 0.064062 0.081250
6 0.494531 0.617708 0.064062 0.081250
6 0.467969 0.561458 0.064062 0.081250
6 0.510156 0.498958 0.064062 0.081250
6 0.466406 0.434375 0.064062 0.081250
6 0.410156 0.494792 0.064062 0.081250
6 0.377344 0.428125 0.064062 0.081250
6 0.427344 0.380208 0.064062 0.081250
6 0.327344 0.496875 0.064062 0.081250
6 0.355469 0.565625 0.064062 0.081250
6 0.403906 0.615625 0.064062 0.081250
6 0.438281 0.682292 0.064062 0.081250
6 0.485156 0.761458 0.064062 0.081250
6 0.538281 0.834375 0.064062 0.081250
6 0.585156 0.926042 0.064062 0.081250
6 0.469531 0.926042 0.064062 0.081250
6 0.432031 0.842708 0.064062 0.081250
6 0.389844 0.769792 0.064062 0.081250
6 0.352344 0.703125 0.064062 0.081250
6 0.321094 0.640625 0.064062 0.081250
6 0.277344 0.573958 0.064062 0.081250
6 0.222656 0.626042 0.064062 0.081250
6 0.246094 0.713542 0.064062 0.081250
6 0.283594 0.757292 0.064062 0.081250
6 0.327344 0.834375 0.064062 0.081250
6 0.372656 0.903125 0.064062 0.081250
