3 0.978906 0.643750 0.039062 0.070833
3 0.946875 0.572917 0.050000 0.075000
3 0.901563 0.491667 0.050000 0.075000
3 0.871875 0.431250 0.050000 0.075000
3 0.825000 0.356250 0.050000 0.075000
3 0.793750 0.283333 0.050000 0.075000
3 0.754687 0.225000 0.050000 0.075000
3 0.714063 0.145833 0.050000 0.075000
3 0.684375 0.085417 0.050000 0.075000
3 0.652344 0.029167 0.054688 0.054167
3 0.603906 0.041667 0.060937 0.070833
3 0.546875 0.078125 0.040625 0.064583
3 0.633594 0.115625 0.042188 0.060417
3 0.589844 0.165625 0.042188 0.060417
3 0.539844 0.194792 0.042188 0.060417
3 0.505469 0.122917 0.042188 0.062500
3 0.463281 0.153125 0.042188 0.060417
3 0.417969 0.207292 0.042188 0.060417
3 0.372656 0.244792 0.042188 0.060417
3 0.402344 0.319792 0.042188 0.060417
3 0.446094 0.276042 0.042188 0.060417
3 0.353906 0.353125 0.042188 0.060417
3 0.488281 0.232292 0.042188 0.060417
3 0.671094 0.178125 0.042188 0.060417
3 0.621094 0.223958 0.042188 0.060417
3 0.578906 0.263542 0.042188 0.060417
3 0.525781 0.303125 0.042188 0.060417
3 0.483594 0.342708 0.042188 0.060417
3 0.435156 0.377083 0.042188 0.062500
3 0.386719 0.416667 0.042188 0.062500
3 0.417969 0.491667 0.042188 0.062500
3 0.464844 0.445833 0.042188 0.062500
3 0.513281 0.412500 0.042188 0.062500
3 0.558594 0.375000 0.042188 0.062500
3 0.608594 0.335417 0.042188 0.062500
3 0.650781 0.293750 0.042188 0.062500
3 0.700781 0.258333 0.042188 0.062500
3 0.733594 0.318750 0.042188 0.062500
3 0.778906 0.389583 0.042188 0.062500
3 0.817969 0.468750 0.042188 0.062500
3 0.850781 0.535417 0.042188 0.062500
3 0.892969 0.620833 0.042188 0.062500
3 0.932031 0.683333 0.042188 0.062500
3 0.882031 0.725000 0.042188 0.062500
3 0.849219 0.647917 0.042188 0.062500
3 0.802344 0.570833 0.042188 0.062500
3 0.764844 0.508333 0.042188 0.062500
3 0.728906 0.425000 0.042188 0.062500
3 0.692969 0.356250 0.042188 0.062500
3 0.647656 0.393750 0.042188 0.062500
3 0.674219 0.477083 0.042188 0.062500
3 0.716406 0.554167 0.042188 0.062500
3 0.752344 0.618750 0.042188 0.062500
3 0.796094 0.691667 0.042188 0.062500
3 0.832031 0.772917 0.042188 0.062500
3 0.785156 0.814583 0.042188 0.062500
3 0.752344 0.741667 0.057813 0.062500
3 0.714844 0.652083 0.057813 0.062500
3 0.678906 0.591667 0.057813 0.062500
3 0.642969 0.516667 0.057813 0.062500
3 0.603906 0.433333 0.057813 0.062500
3 0.547656 0.481250 0.057813 0.062500
3 0.585156 0.554167 0.057813 0.062500
3 0.622656 0.618750 0.057813 0.062500
3 0.660156 0.693750 0.057813 0.062500
3 0.696094 0.775000 0.057813 0.062500
3 0.733594 0.858333 0.057813 0.062500
3 0.688281 0.893750 0.057813 0.062500
3 0.650781 0.825000 0.057813 0.062500
3 0.613281 0.743750 0.057813 0.062500
3 0.575781 0.683333 0.057813 0.062500
3 0.541406 0.595833 0.057813 0.062500
3 0.503906 0.529167 0.057813 0.062500
3 0.455469 0.560417 0.057813 0.062500
3 0.489844 0.631250 0.057813 0.062500
3 0.527344 0.706250 0.057813 0.062500
3 0.558594 0.777083 0.057813 0.062500
3 0.593750 0.853125 0.062500 0.060417
3 0.615625 0.917708 0.062500 0.060417
3 0.628125 0.938542 0.062500 0.060417
