6 0.320312 0.846875 0.040625 0.093750
6 0.373437 0.880208 0.040625 0.093750
6 0.439063 0.898958 0.040625 0.093750
6 0.495312 0.926042 0.040625 0.093750
6 0.568750 0.966667 0.056250 0.066667
6 0.821875 0.966667 0.056250 0.066667
6 0.750000 0.940625 0.056250 0.064583
6 0.670312 0.901042 0.056250 0.064583
6 0.598437 0.878125 0.056250 0.064583
6 0.534375 0.840625 0.056250 0.064583
6 0.457813 0.803125 0.056250 0.064583
6 0.401562 0.771875 0.056250 0.064583
6 0.340625 0.746875 0.056250 0.064583
6 0.354687 0.655208 0.056250 0.064583
6 0.418750 0.667708 0.056250 0.064583
6 0.482812 0.703125 0.056250 0.064583
6 0.535937 0.721875 0.056250 0.064583
6 0.606250 0.765625 0.056250 0.064583
6 0.682813 0.786458 0.056250 0.064583
6 0.768750 0.826042 0.056250 0.064583
6 0.845313 0.844792 0.056250 0.064583
6 0.856250 0.753125 0.056250 0.064583
6 0.778125 0.709375 0.056250 0.064583
6 0.704688 0.680208 0.056250 0.064583
6 0.626563 0.642708 0.056250 0.064583
6 0.570312 0.632292 0.056250 0.064583
6 0.506250 0.609375 0.056250 0.064583
6 0.442188 0.569792 0.056250 0.064583
6 0.387500 0.544792 0.056250 0.064583
6 0.396875 0.469792 0.056250 0.064583
6 0.459375 0.484375 0.056250 0.064583
6 0.512500 0.509375 0.056250 0.064583
6 0.576562 0.523958 0.056250 0.064583
6 0.648438 0.540625 0.056250 0.064583
6 0.709375 0.563542 0.056250 0.064583
6 0.804688 0.582292 0.056250 0.064583
6 0.879687 0.598958 0.056250 0.064583
6 0.904687 0.484375 0.056250 0.064583
6 0.814063 0.480208 0.056250 0.064583
6 0.673438 0.436458 0.056250 0.064583
6 0.740625 0.442708 0.056250 0.064583
6 0.598437 0.430208 0.056250 0.064583
6 0.539062 0.413542 0.056250 0.064583
6 0.475000 0.388542 0.056250 0.064583
6 0.412500 0.371875 0.056250 0.064583
6 0.432812 0.286458 0.056250 0.064583
6 0.448437 0.194792 0.056250 0.064583
6 0.468750 0.103125 0.056250 0.064583
6 0.527344 0.102083 0.060937 0.075000
6 0.517188 0.190625 0.062500 0.077083
6 0.485938 0.301042 0.062500 0.077083
6 0.545312 0.317708 0.062500 0.077083
6 0.615625 0.326042 0.062500 0.077083
6 0.570312 0.219792 0.062500 0.077083
6 0.579688 0.115625 0.062500 0.077083
6 0.639062 0.111458 0.062500 0.077083
6 0.667969 0.036458 0.060937 0.068750
6 0.746094 0.036458 0.060937 0.068750
6 0.808594 0.036458 0.060937 0.068750
6 0.882031 0.036458 0.060937 0.068750
6 0.969531 0.036458 0.060937 0.068750
6 0.952344 0.154167 0.060937 0.070833
6 0.874219 0.135417 0.060937 0.070833
6 0.791406 0.127083 0.060937 0.070833
6 0.724219 0.114583 0.060937 0.070833
6 0.702344 0.225000 0.060937 0.070833
6 0.635156 0.220833 0.060937 0.070833
6 0.677344 0.329167 0.060937 0.070833
6 0.755469 0.341667 0.060937 0.070833
6 0.777344 0.252083 0.060937 0.070833
6 0.844531 0.247917 0.060937 0.070833
6 0.830469 0.362500 0.060937 0.070833
6 0.925781 0.379167 0.060937 0.070833
6 0.949219 0.279167 0.060937 0.070833
