1 0.241406 0.188542 0.048438 0.072917
1 0.299219 0.180208 0.048438 0.072917
1 0.317969 0.246875 0.048438 0.072917
1 0.255469 0.271875 0.048438 0.072917
1 0.263281 0.344792 0.048438 0.072917
1 0.327344 0.330208 0.048438 0.072917
1 0.396094 0.309375 0.048438 0.072917
1 0.403906 0.382292 0.048438 0.072917
1 0.481250 0.426042 0.046875 0.072917
1 0.565625 0.494792 0.046875 0.072917
1 0.496875 0.519792 0.046875 0.072917
1 0.520312 0.588542 0.046875 0.072917
1 0.578125 0.569792 0.046875 0.072917
1 0.582812 0.657292 0.046875 0.072917
1 0.654687 0.648958 0.046875 0.072917
1 0.637500 0.567708 0.046875 0.072917
1 0.629687 0.482292 0.046875 0.072917
1 0.614062 0.413542 0.046875 0.072917
1 0.548438 0.423958 0.046875 0.072917
1 0.471875 0.359375 0.046875 0.072917
1 0.468750 0.292708 0.046875 0.072917
1 0.384375 0.230208 0.046875 0.072917
1 0.368750 0.151042 0.046875 0.072917
1 0.440625 0.142708 0.046875 0.072917
1 0.448437 0.213542 0.046875 0.072917
1 0.515625 0.201042 0.046875 0.072917
1 0.500000 0.117708 0.046875 0.072917
1 0.523438 0.269792 0.046875 0.072917
1 0.534375 0.344792 0.046875 0.072917
1 0.606250 0.336458 0.046875 0.072917
1 0.585938 0.257292 0.046875 0.072917
1 0.575000 0.173958 0.046875 0.072917
1 0.573438 0.094792 0.046875 0.072917
1 0.631250 0.078125 0.046875 0.072917
1 0.642188 0.158333 0.056250 0.070833
1 0.653125 0.241667 0.056250 0.070833
1 0.668750 0.310417 0.056250 0.070833
1 0.675000 0.395833 0.056250 0.070833
1 0.682813 0.468750 0.056250 0.070833
1 0.696875 0.539583 0.056250 0.070833
1 0.715625 0.622917 0.056250 0.070833
1 0.790625 0.612500 0.056250 0.070833
1 0.778125 0.535417 0.056250 0.070833
1 0.768750 0.458333 0.056250 0.070833
1 0.848437 0.510417 0.056250 0.070833
1 0.851562 0.593750 0.056250 0.070833
1 0.928125 0.570833 0.056250 0.070833
1 0.914062 0.495833 0.056250 0.070833
1 0.900000 0.418750 0.056250 0.070833
1 0.837500 0.433333 0.056250 0.070833
1 0.740625 0.372917 0.056250 0.070833
1 0.815625 0.350000 0.056250 0.070833
1 0.893750 0.339583 0.056250 0.070833
1 0.881250 0.250000 0.056250 0.070833
1 0.809375 0.268750 0.056250 0.070833
1 0.737500 0.287500 0.056250 0.070833
1 0.729688 0.216667 0.056250 0.070833
1 0.792188 0.193750 0.056250 0.070833
1 0.876563 0.175000 0.056250 0.070833
1 0.856250 0.097917 0.056250 0.070833
1 0.784375 0.120833 0.056250 0.070833
1 0.710938 0.141667 0.056250 0.070833
1 0.703125 0.064583 0.056250 0.070833
1 0.762500 0.036458 0.056250 0.068750
1 0.835938 0.035417 0.059375 0.066667
