0 0.510938 0.938542 0.053125 0.072917
0 0.562500 0.878125 0.053125 0.072917
0 0.610938 0.838542 0.053125 0.072917
0 0.656250 0.786458 0.053125 0.072917
0 0.707812 0.746875 0.053125 0.072917
0 0.760938 0.696875 0.053125 0.072917
0 0.809375 0.655208 0.050000 0.081250
0 0.862500 0.621875 0.050000 0.081250
0 0.835156 0.541667 0.057813 0.083333
0 0.780469 0.572917 0.057813 0.083333
0 0.713281 0.614583 0.057813 0.083333
0 0.673438 0.665625 0.043750 0.077083
0 0.619531 0.711458 0.048438 0.077083
0 0.566406 0.753125 0.048438 0.077083
0 0.522656 0.792708 0.048438 0.077083
0 0.463281 0.855208 0.054688 0.081250
0 0.435156 0.757292 0.054688 0.081250
0 0.491406 0.711458 0.054688 0.081250
0 0.542969 0.678125 0.054688 0.081250
0 0.588281 0.634375 0.054688 0.081250
0 0.633594 0.594792 0.054688 0.081250
0 0.689844 0.551042 0.054688 0.081250
0 0.738281 0.509375 0.054688 0.081250
0 0.789844 0.465625 0.054688 0.081250
0 0.760156 0.380208 0.054688 0.081250
0 0.703906 0.432292 0.054688 0.081250
0 0.649219 0.459375 0.054688 0.081250
0 0.597656 0.509375 0.054688 0.081250
0 0.552344 0.546875 0.054688 0.081250
0 0.500781 0.590625 0.054688 0.081250
0 0.444531 0.640625 0.054688 0.081250
0 0.391406 0.686458 0.054688 0.081250
0 0.357031 0.611458 0.054688 0.081250
0 0.408594 0.559375 0.054688 0.081250
0 0.461719 0.509375 0.054688 0.081250
0 0.505469 0.473958 0.054688 0.081250
0 0.561719 0.438542 0.054688 0.081250
0 0.613281 0.392708 0.054688 0.081250
0 0.671094 0.346875 0.054688 0.081250
0 0.714844 0.317708 0.054688 0.081250
0 0.685156 0.232292 0.054688 0.081250
0 0.632031 0.267708 0.054688 0.081250
0 0.575781 0.313542 0.054688 0.081250
0 0.525781 0.351042 0.054688 0.081250
0 0.471094 0.396875 0.054688 0.081250
0 0.419531 0.451042 0.054688 0.081250
0 0.375781 0.490625 0.054688 0.081250
0 0.307031 0.536458 0.054688 0.081250
0 0.272656 0.459375 0.054688 0.081250
0 0.325781 0.411458 0.054688 0.081250
0 0.377344 0.365625 0.054688 0.081250
0 0.427344 0.319792 0.054688 0.081250
0 0.482031 0.284375 0.054688 0.081250
0 0.533594 0.240625 0.054688 0.081250
0 0.583594 0.190625 0.054688 0.081250
0 0.639844 0.153125 0.054688 0.081250
0 0.607031 0.073958 0.054688 0.081250
0 0.552344 0.105208 0.054688 0.081250
0 0.497656 0.157292 0.054688 0.081250
0 0.442969 0.196875 0.054688 0.081250
0 0.389844 0.238542 0.054688 0.081250
0 0.341406 0.290625 0.054688 0.081250
0 0.296094 0.321875 0.054688 0.081250
0 0.232031 0.371875 0.054688 0.081250
0 0.188281 0.288542 0.054688 0.081250
0 0.146094 0.205208 0.054688 0.081250
0 0.200781 0.167708 0.054688 0.081250
0 0.241406 0.253125 0.054688 0.081250
0 0.297656 0.207292 0.054688 0.081250
0 0.253906 0.121875 0.054688 0.081250
0 0.310156 0.069792 0.054688 0.081250
0 0.349219 0.155208 0.054688 0.081250
0 0.411719 0.121875 0.054688 0.081250
0 0.369531 0.041667 0.054688 0.079167
0 0.458594 0.076042 0.054688 0.081250
0 0.516406 0.040625 0.054688 0.077083
