10 0.183594 0.053125 0.048438 0.060417
10 0.255469 0.105208 0.048438 0.060417
10 0.344531 0.169792 0.048438 0.060417
10 0.414844 0.213542 0.048438 0.060417
10 0.500781 0.271875 0.048438 0.060417
10 0.571094 0.334375 0.048438 0.060417
10 0.649219 0.386458 0.048438 0.060417
10 0.724219 0.436458 0.048438 0.060417
10 0.694531 0.511458 0.048438 0.060417
10 0.713281 0.630208 0.048438 0.060417
10 0.755469 0.792708 0.048438 0.060417
10 0.732031 0.865625 0.048438 0.060417
10 0.633594 0.815625 0.048438 0.060417
10 0.675781 0.930208 0.048438 0.060417
10 0.619531 0.888542 0.048438 0.060417
10 0.589844 0.951042 0.048438 0.060417
10 0.478906 0.968750 0.048438 0.062500
10 0.517969 0.907292 0.048438 0.060417
10 0.541406 0.840625 0.048438 0.060417
10 0.577344 0.746875 0.048438 0.060417
10 0.608594 0.680208 0.048438 0.060417
10 0.694531 0.738542 0.048438 0.060417
10 0.655469 0.590625 0.048438 0.060417
10 0.610156 0.467708 0.048438 0.060417
10 0.586719 0.544792 0.048438 0.060417
10 0.534375 0.410417 0.040625 0.054167
10 0.503125 0.497917 0.040625 0.054167
10 0.545312 0.639583 0.040625 0.054167
10 0.473438 0.572917 0.040625 0.054167
10 0.509375 0.710417 0.040625 0.054167
10 0.478125 0.781250 0.040625 0.054167
10 0.445312 0.854167 0.040625 0.054167
10 0.415625 0.927083 0.040625 0.054167
10 0.350000 0.887500 0.040625 0.054167
10 0.376563 0.808333 0.040625 0.054167
10 0.410938 0.745833 0.040625 0.054167
10 0.439063 0.656250 0.040625 0.054167
10 0.367188 0.606250 0.040625 0.054167
10 0.392188 0.529167 0.040625 0.054167
10 0.435937 0.445833 0.040625 0.054167
10 0.460938 0.370833 0.040625 0.054167
10 0.392188 0.297917 0.040625 0.054167
10 0.317188 0.254167 0.040625 0.054167
10 0.237500 0.200000 0.040625 0.054167
10 0.164062 0.137500 0.040625 0.054167
10 0.126562 0.241667 0.040625 0.054167
10 0.103125 0.327083 0.040625 0.054167
10 0.084375 0.406250 0.040625 0.054167
10 0.060937 0.491667 0.040625 0.054167
10 0.032813 0.562500 0.040625 0.054167
10 0.076563 0.704167 0.040625 0.054167
10 0.100000 0.618750 0.040625 0.054167
10 0.132812 0.533333 0.040625 0.054167
10 0.154688 0.462500 0.040625 0.054167
10 0.179688 0.379167 0.040625 0.054167
10 0.209375 0.295833 0.040625 0.054167
10 0.285938 0.337500 0.040625 0.054167
10 0.256250 0.425000 0.040625 0.054167
10 0.223438 0.510417 0.040625 0.054167
10 0.190625 0.587500 0.040625 0.054167
10 0.176563 0.662500 0.040625 0.054167
10 0.143750 0.741667 0.040625 0.054167
10 0.209375 0.779167 0.040625 0.054167
10 0.239063 0.722917 0.040625 0.054167
10 0.276562 0.833333 0.040625 0.054167
10 0.309375 0.762500 0.040625 0.054167
10 0.339062 0.691667 0.040625 0.054167
10 0.270313 0.635417 0.040625 0.054167
10 0.300000 0.562500 0.040625 0.054167
10 0.332813 0.479167 0.040625 0.054167
10 0.356250 0.391667 0.040625 0.054167
