0 0.192188 0.321875 0.056250 0.068750
0 0.265625 0.319792 0.056250 0.068750
0 0.342187 0.311458 0.056250 0.068750
0 0.198437 0.398958 0.056250 0.068750
0 0.276562 0.396875 0.056250 0.068750
0 0.345313 0.388542 0.056250 0.068750
0 0.356250 0.480208 0.056250 0.068750
0 0.268750 0.478125 0.056250 0.068750
0 0.196875 0.486458 0.056250 0.068750
0 0.206250 0.571875 0.056250 0.068750
0 0.203125 0.676042 0.065625 0.077083
0 0.203125 0.769792 0.065625 0.077083
0 0.200000 0.951042 0.065625 0.077083
0 0.196875 0.844792 0.065625 0.077083
0 0.281250 0.942708 0.065625 0.077083
0 0.282813 0.865625 0.065625 0.077083
0 0.287500 0.771875 0.065625 0.077083
0 0.279687 0.669792 0.065625 0.077083
0 0.276562 0.588542 0.065625 0.077083
0 0.354687 0.578125 0.065625 0.077083
0 0.357812 0.665625 0.065625 0.077083
0 0.357812 0.757292 0.065625 0.077083
0 0.360938 0.846875 0.065625 0.077083
0 0.364063 0.953125 0.065625 0.077083
0 0.440625 0.946875 0.065625 0.077083
0 0.435937 0.857292 0.065625 0.077083
0 0.429688 0.771875 0.065625 0.077083
0 0.428125 0.665625 0.065625 0.077083
0 0.431250 0.584375 0.065625 0.077083
0 0.425000 0.486458 0.065625 0.077083
0 0.421875 0.392708 0.065625 0.077083
0 0.418750 0.303125 0.065625 0.077083
0 0.496875 0.294792 0.065625 0.077083
0 0.495312 0.369792 0.065625 0.077083
0 0.501563 0.557292 0.065625 0.077083
0 0.503125 0.478125 0.065625 0.077083
0 0.501563 0.646875 0.065625 0.077083
0 0.510938 0.759375 0.065625 0.077083
0 0.520312 0.844792 0.065625 0.077083
0 0.518750 0.951042 0.065625 0.077083
0 0.595313 0.948958 0.065625 0.077083
0 0.595313 0.851042 0.065625 0.077083
0 0.592187 0.755208 0.065625 0.077083
0 0.587500 0.653125 0.065625 0.077083
0 0.684375 0.942708 0.065625 0.077083
0 0.775000 0.955208 0.065625 0.077083
0 0.870313 0.957292 0.065625 0.077083
0 0.960938 0.961458 0.065625 0.077083
0 0.953125 0.851042 0.065625 0.077083
0 0.868750 0.855208 0.065625 0.077083
0 0.778125 0.853125 0.065625 0.077083
0 0.689063 0.848958 0.065625 0.077083
0 0.676562 0.746875 0.065625 0.077083
0 0.771875 0.744792 0.065625 0.077083
0 0.857812 0.751042 0.065625 0.077083
0 0.948438 0.742708 0.065625 0.077083
0 0.937500 0.655208 0.065625 0.077083
0 0.851562 0.640625 0.065625 0.077083
0 0.767188 0.651042 0.065625 0.077083
0 0.679688 0.648958 0.065625 0.077083
0 0.670312 0.561458 0.065625 0.077083
0 0.754687 0.548958 0.065625 0.077083
0 0.842187 0.551042 0.065625 0.077083
0 0.943750 0.551042 0.065625 0.077083
0 0.590625 0.555208 0.065625 0.077083
0 0.585938 0.469792 0.065625 0.077083
0 0.659375 0.457292 0.065625 0.077083
0 0.750000 0.455208 0.065625 0.077083
0 0.832812 0.448958 0.065625 0.077083
0 0.935937 0.423958 0.065625 0.077083
0 0.942187 0.336458 0.065625 0.077083
0 0.840625 0.355208 0.065625 0.077083
0 0.753125 0.353125 0.065625 0.077083
0 0.665625 0.355208 0.065625 0.077083
0 0.589063 0.367708 0.065625 0.077083
0 0.576562 0.276042 0.065625 0.077083
0 0.665625 0.271875 0.065625 0.077083
0 0.740625 0.267708 0.065625 0.077083
0 0.829688 0.259375 0.065625 0.077083
0 0.914062 0.244792 0.065625 0.077083
