8 0.546094 0.943750 0.054688 0.087500
8 0.585156 0.883333 0.054688 0.087500
8 0.638281 0.843750 0.054688 0.087500
8 0.688281 0.806250 0.054688 0.087500
8 0.753906 0.750000 0.054688 0.087500
8 0.797656 0.702083 0.054688 0.087500
8 0.850781 0.666667 0.054688 0.087500
8 0.911719 0.618750 0.054688 0.087500
8 0.867969 0.544792 0.057813 0.106250
8 0.814844 0.594792 0.057813 0.106250
8 0.764844 0.627083 0.045312 0.087500
8 0.713281 0.664583 0.045312 0.087500
8 0.664844 0.714583 0.045312 0.087500
8 0.616406 0.745833 0.045312 0.087500
8 0.561719 0.785417 0.045312 0.087500
8 0.496094 0.841667 0.045312 0.087500
8 0.472656 0.777083 0.045312 0.087500
8 0.516406 0.712500 0.045312 0.087500
8 0.566406 0.664583 0.045312 0.087500
8 0.605469 0.633333 0.045312 0.087500
8 0.671094 0.597917 0.045312 0.087500
8 0.722656 0.560417 0.045312 0.087500
8 0.767969 0.504167 0.045312 0.087500
8 0.819531 0.464583 0.045312 0.087500
8 0.788281 0.395833 0.045312 0.087500
8 0.730469 0.429167 0.045312 0.087500
8 0.680469 0.472917 0.045312 0.087500
8 0.638281 0.506250 0.045312 0.087500
8 0.590625 0.552083 0.040625 0.075000
8 0.534375 0.591667 0.040625 0.075000
8 0.487500 0.635417 0.040625 0.075000
8 0.432812 0.683333 0.040625 0.075000
8 0.403125 0.618750 0.040625 0.075000
8 0.365625 0.529167 0.040625 0.075000
8 0.329688 0.464583 0.040625 0.075000
8 0.293750 0.379167 0.040625 0.075000
8 0.267969 0.312500 0.039062 0.070833
8 0.276562 0.206250 0.034375 0.075000
8 0.310937 0.268750 0.034375 0.075000
8 0.339844 0.346875 0.035937 0.068750
8 0.371094 0.394792 0.035937 0.068750
8 0.419531 0.485417 0.032813 0.083333
8 0.444531 0.554167 0.032813 0.083333
8 0.500781 0.525000 0.032813 0.083333
8 0.550000 0.480208 0.040625 0.085417
8 0.592969 0.433333 0.032813 0.083333
8 0.647656 0.390625 0.035937 0.056250
8 0.696094 0.359375 0.035937 0.056250
8 0.742969 0.309375 0.035937 0.056250
8 0.705469 0.238542 0.045312 0.068750
8 0.660156 0.278125 0.045312 0.068750
8 0.605469 0.328125 0.045312 0.068750
8 0.557031 0.359375 0.045312 0.068750
8 0.514844 0.403125 0.045312 0.068750
8 0.463281 0.444792 0.045312 0.068750
8 0.425781 0.380208 0.045312 0.068750
8 0.472656 0.340625 0.045312 0.068750
8 0.524219 0.292708 0.045312 0.068750
8 0.571094 0.257292 0.045312 0.068750
8 0.622656 0.215625 0.045312 0.068750
8 0.669531 0.173958 0.045312 0.068750
8 0.630469 0.107292 0.045312 0.068750
8 0.588281 0.148958 0.045312 0.068750
8 0.544531 0.178125 0.045312 0.068750
8 0.488281 0.234375 0.045312 0.068750
8 0.447656 0.259375 0.045312 0.068750
8 0.400781 0.307292 0.045312 0.068750
8 0.358594 0.234375 0.045312 0.068750
8 0.322656 0.161458 0.045312 0.068750
8 0.372656 0.105208 0.045312 0.068750
8 0.403906 0.203125 0.045312 0.068750
8 0.461719 0.144792 0.045312 0.068750
8 0.425781 0.071875 0.045312 0.068750
8 0.464844 0.044792 0.045312 0.068750
8 0.503906 0.113542 0.045312 0.068750
8 0.553906 0.080208 0.045312 0.068750
8 0.599219 0.035417 0.045312 0.066667
10 0.214844 0.228125 0.045312 0.072917
