5 0.088281 0.810417 0.057813 0.083333
5 0.150781 0.841667 0.057813 0.083333
5 0.224219 0.895833 0.057813 0.083333
5 0.280469 0.942708 0.057813 0.093750
5 0.354687 0.962500 0.053125 0.075000
5 0.518750 0.964583 0.053125 0.070833
5 0.460938 0.939583 0.053125 0.070833
5 0.395313 0.889583 0.053125 0.070833
5 0.328125 0.854167 0.053125 0.070833
5 0.264062 0.802083 0.053125 0.070833
5 0.200000 0.754167 0.053125 0.070833
5 0.134375 0.714583 0.071875 0.087500
5 0.154688 0.622917 0.071875 0.087500
5 0.235937 0.660417 0.071875 0.087500
5 0.298438 0.695833 0.071875 0.087500
5 0.368750 0.750000 0.071875 0.087500
5 0.425000 0.797917 0.071875 0.087500
5 0.479687 0.850000 0.071875 0.087500
5 0.542188 0.883333 0.071875 0.087500
5 0.617188 0.933333 0.071875 0.087500
5 0.663281 0.848958 0.070312 0.081250
5 0.597656 0.801042 0.070312 0.081250
5 0.536719 0.751042 0.070312 0.081250
5 0.474219 0.711458 0.070312 0.081250
5 0.408594 0.665625 0.070312 0.081250
5 0.342969 0.626042 0.070312 0.081250
5 0.291406 0.559375 0.070312 0.081250
5 0.210156 0.526042 0.070312 0.081250
5 0.249219 0.413542 0.070312 0.081250
5 0.324219 0.465625 0.070312 0.081250
5 0.386719 0.521875 0.070312 0.081250
5 0.457031 0.565625 0.070312 0.081250
5 0.510156 0.605208 0.070312 0.081250
5 0.572656 0.653125 0.070312 0.081250
5 0.630469 0.707292 0.070312 0.081250
5 0.699219 0.759375 0.070312 0.081250
5 0.753906 0.665625 0.070312 0.081250
5 0.691406 0.615625 0.070312 0.081250
5 0.630469 0.563542 0.070312 0.081250
5 0.564844 0.513542 0.070312 0.081250
5 0.502344 0.473958 0.070312 0.081250
5 0.442969 0.421875 0.070312 0.081250
5 0.368750 0.370833 0.046875 0.083333
5 0.294531 0.321875 0.057813 0.077083
5 0.319531 0.226042 0.057813 0.077083
5 0.391406 0.261458 0.057813 0.077083
5 0.475781 0.319792 0.057813 0.077083
5 0.522656 0.373958 0.057813 0.077083
5 0.586719 0.434375 0.057813 0.077083
5 0.655469 0.476042 0.057813 0.077083
5 0.722656 0.513542 0.057813 0.077083
5 0.783594 0.565625 0.057813 0.077083
5 0.821094 0.484375 0.057813 0.077083
5 0.753906 0.421875 0.057813 0.077083
5 0.810937 0.322917 0.065625 0.058333
5 0.875781 0.380208 0.057813 0.077083
5 0.843750 0.237500 0.065625 0.058333
5 0.918750 0.268750 0.065625 0.058333
5 0.785937 0.177083 0.065625 0.058333
5 0.762500 0.272917 0.065625 0.058333
5 0.707812 0.379167 0.065625 0.058333
5 0.635938 0.337500 0.065625 0.058333
5 0.576562 0.283333 0.065625 0.058333
5 0.510938 0.220833 0.065625 0.058333
5 0.450000 0.172917 0.065625 0.058333
5 0.364063 0.120833 0.065625 0.058333
5 0.487500 0.066667 0.065625 0.058333
5 0.550000 0.131250 0.065625 0.058333
5 0.612500 0.168750 0.065625 0.058333
5 0.684375 0.222917 0.065625 0.058333
5 0.740625 0.118750 0.065625 0.058333
5 0.670312 0.077083 0.065625 0.058333
5 0.595313 0.030208 0.065625 0.056250
5 0.420312 0.030208 0.065625 0.056250
