9 0.605469 0.083333 0.035937 0.070833
9 0.513281 0.054167 0.035937 0.070833
9 0.557031 0.131250 0.035937 0.070833
9 0.464844 0.112500 0.035937 0.070833
9 0.497656 0.177083 0.035937 0.070833
9 0.528906 0.262500 0.035937 0.070833
9 0.592969 0.202083 0.035937 0.070833
9 0.650781 0.166667 0.035937 0.070833
9 0.696094 0.252083 0.035937 0.070833
9 0.635156 0.293750 0.035937 0.070833
9 0.575781 0.335417 0.035937 0.070833
9 0.530469 0.389583 0.035937 0.070833
9 0.491406 0.322917 0.035937 0.070833
9 0.458594 0.243750 0.035937 0.070833
9 0.422656 0.152083 0.035937 0.070833
9 0.363281 0.202083 0.035937 0.070833
9 0.316406 0.241667 0.035937 0.070833
9 0.271094 0.306250 0.035937 0.070833
9 0.228906 0.322917 0.035937 0.070833
9 0.253906 0.404167 0.035937 0.070833
9 0.310156 0.383333 0.035937 0.070833
9 0.358594 0.327083 0.035937 0.070833
9 0.405469 0.295833 0.035937 0.070833
9 0.432031 0.362500 0.035937 0.070833
9 0.388281 0.389583 0.035937 0.070833
9 0.330469 0.452083 0.035937 0.070833
9 0.283594 0.508333 0.035937 0.070833
9 0.316406 0.575000 0.035937 0.070833
9 0.371094 0.520833 0.035937 0.070833
9 0.413281 0.487500 0.035937 0.070833
9 0.474219 0.441667 0.035937 0.070833
9 0.505469 0.529167 0.035937 0.070833
9 0.550781 0.481250 0.035937 0.070833
9 0.610156 0.445833 0.035937 0.070833
9 0.666406 0.385417 0.035937 0.070833
9 0.736719 0.339583 0.035937 0.070833
9 0.791406 0.406250 0.035937 0.070833
9 0.721094 0.460417 0.035937 0.070833
9 0.658594 0.514583 0.035937 0.070833
9 0.605469 0.547917 0.035937 0.070833
9 0.546094 0.595833 0.035937 0.070833
9 0.485156 0.643750 0.035937 0.070833
9 0.450781 0.677083 0.035937 0.070833
9 0.457031 0.566667 0.035937 0.070833
9 0.408594 0.597917 0.035937 0.070833
9 0.346094 0.639583 0.035937 0.070833
9 0.382031 0.741667 0.035937 0.070833
9 0.419531 0.818750 0.035937 0.070833
9 0.474219 0.783333 0.035937 0.070833
9 0.539844 0.741667 0.035937 0.070833
9 0.583594 0.689583 0.035937 0.070833
9 0.644531 0.643750 0.035937 0.070833
9 0.700781 0.597917 0.035937 0.070833
9 0.778906 0.558333 0.035937 0.070833
9 0.838281 0.502083 0.035937 0.070833
9 0.878906 0.602083 0.035937 0.070833
9 0.938281 0.720833 0.035937 0.070833
9 0.871094 0.768750 0.035937 0.070833
9 0.922656 0.858333 0.035937 0.070833
9 0.814844 0.652083 0.035937 0.070833
9 0.747656 0.691667 0.035937 0.070833
9 0.807031 0.787500 0.035937 0.070833
9 0.852344 0.893750 0.035937 0.070833
9 0.782031 0.945833 0.035937 0.070833
9 0.732031 0.847917 0.035937 0.070833
9 0.688281 0.741667 0.035937 0.070833
9 0.635156 0.787500 0.035937 0.070833
9 0.666406 0.877083 0.035937 0.070833
9 0.613281 0.931250 0.035937 0.070833
9 0.566406 0.814583 0.035937 0.070833
9 0.516406 0.881250 0.035937 0.070833
9 0.442969 0.893750 0.035937 0.070833
9 0.544531 0.963542 0.035937 0.072917
