7 0.732031 0.053125 0.073438 0.064583
7 0.747656 0.128125 0.073438 0.064583
7 0.767969 0.186458 0.073438 0.064583
7 0.789844 0.273958 0.073438 0.064583
7 0.816406 0.355208 0.073438 0.064583
7 0.850781 0.423958 0.073438 0.064583
7 0.882031 0.509375 0.073438 0.064583
7 0.905469 0.578125 0.073438 0.064583
7 0.847656 0.623958 0.073438 0.064583
7 0.808594 0.532292 0.073438 0.064583
7 0.783594 0.469792 0.073438 0.064583
7 0.755469 0.386458 0.073438 0.064583
7 0.742969 0.315625 0.073438 0.064583
7 0.716406 0.240625 0.073438 0.064583
7 0.685156 0.159375 0.073438 0.064583
7 0.663281 0.086458 0.073438 0.064583
7 0.596094 0.117708 0.073438 0.064583
7 0.614844 0.180208 0.073438 0.064583
7 0.633594 0.269792 0.073438 0.064583
7 0.649219 0.336458 0.073438 0.064583
7 0.678906 0.405208 0.073438 0.064583
7 0.708594 0.490625 0.073438 0.064583
7 0.735156 0.569792 0.073438 0.064583
7 0.763281 0.653125 0.073438 0.064583
7 0.703906 0.688542 0.073438 0.064583
7 0.628906 0.711458 0.073438 0.064583
7 0.563281 0.757292 0.073438 0.064583
7 0.474219 0.805208 0.073438 0.064583
7 0.407031 0.842708 0.073438 0.064583
7 0.350781 0.859375 0.073438 0.064583
7 0.244531 0.896875 0.073438 0.064583
7 0.241406 0.809375 0.073438 0.064583
7 0.303906 0.776042 0.073438 0.064583
7 0.360156 0.759375 0.073438 0.064583
7 0.435156 0.723958 0.073438 0.064583
7 0.528906 0.682292 0.073438 0.064583
7 0.582031 0.651042 0.073438 0.064583
7 0.661719 0.621875 0.073438 0.064583
7 0.647656 0.513542 0.073438 0.064583
7 0.577344 0.548958 0.073438 0.064583
7 0.507031 0.601042 0.073438 0.064583
7 0.444531 0.617708 0.073438 0.064583
7 0.369531 0.657292 0.073438 0.064583
7 0.307031 0.698958 0.073438 0.064583
7 0.225781 0.736458 0.073438 0.064583
7 0.203906 0.621875 0.073438 0.064583
7 0.264844 0.619792 0.073438 0.064583
7 0.339844 0.576042 0.073438 0.064583
7 0.410156 0.557292 0.073438 0.064583
7 0.469531 0.517708 0.073438 0.064583
7 0.550781 0.480208 0.073438 0.064583
7 0.608594 0.455208 0.073438 0.064583
7 0.594531 0.380208 0.073438 0.064583
7 0.530469 0.403125 0.073438 0.064583
7 0.472656 0.423958 0.073438 0.064583
7 0.389844 0.463542 0.073438 0.064583
7 0.325781 0.509375 0.073438 0.064583
7 0.250781 0.542708 0.073438 0.064583
7 0.180469 0.571875 0.073438 0.064583
7 0.164844 0.509375 0.073438 0.064583
7 0.153906 0.417708 0.073438 0.064583
7 0.124219 0.323958 0.073438 0.064583
7 0.200781 0.303125 0.073438 0.064583
7 0.214844 0.386458 0.073438 0.064583
7 0.230469 0.459375 0.073438 0.064583
7 0.310156 0.417708 0.073438 0.064583
7 0.277344 0.351042 0.073438 0.064583
7 0.271094 0.267708 0.073438 0.064583
7 0.344531 0.236458 0.073438 0.064583
7 0.352344 0.328125 0.073438 0.064583
7 0.378906 0.401042 0.073438 0.064583
7 0.439844 0.354167 0.057813 0.054167
7 0.425000 0.291667 0.062500 0.070833
7 0.403125 0.222917 0.062500 0.070833
7 0.454688 0.179167 0.062500 0.070833
7 0.526563 0.137500 0.062500 0.070833
7 0.554688 0.225000 0.062500 0.070833
7 0.489063 0.262500 0.062500 0.070833
7 0.504687 0.337500 0.062500 0.070833
7 0.573438 0.291667 0.062500 0.070833
