8 0.758594 0.896875 0.048438 0.097917
8 0.822656 0.894792 0.048438 0.097917
8 0.688281 0.892708 0.048438 0.097917
8 0.639844 0.905208 0.048438 0.097917
8 0.566406 0.905208 0.048438 0.097917
8 0.513281 0.905208 0.048438 0.097917
8 0.449219 0.903125 0.048438 0.097917
8 0.385156 0.898958 0.048438 0.097917
8 0.374219 0.821875 0.048438 0.097917
8 0.449219 0.798958 0.048438 0.097917
8 0.508594 0.796875 0.048438 0.097917
8 0.555469 0.794792 0.048438 0.097917
8 0.619531 0.798958 0.048438 0.097917
8 0.692969 0.796875 0.048438 0.097917
8 0.755469 0.790625 0.048438 0.097917
8 0.819531 0.792708 0.048438 0.097917
8 0.814844 0.707292 0.048438 0.097917
8 0.749219 0.688542 0.048438 0.097917
8 0.697656 0.690625 0.048438 0.097917
8 0.628906 0.694792 0.048438 0.097917
8 0.572656 0.696875 0.048438 0.097917
8 0.511719 0.694792 0.048438 0.097917
8 0.445312 0.695833 0.037500 0.104167
8 0.379688 0.708333 0.037500 0.104167
8 0.378125 0.608333 0.037500 0.104167
8 0.440625 0.606250 0.037500 0.104167
8 0.507812 0.606250 0.037500 0.104167
8 0.629687 0.600000 0.037500 0.104167
8 0.562500 0.603125 0.040625 0.077083
8 0.678906 0.596875 0.048438 0.097917
8 0.744531 0.596875 0.045312 0.077083
8 0.818750 0.614583 0.037500 0.087500
8 0.802344 0.505208 0.045312 0.077083
8 0.747656 0.517708 0.045312 0.077083
8 0.619531 0.515625 0.048438 0.068750
8 0.674219 0.515625 0.045312 0.077083
8 0.561719 0.515625 0.048438 0.068750
8 0.514844 0.513542 0.048438 0.068750
8 0.438281 0.517708 0.048438 0.068750
8 0.378906 0.509375 0.048438 0.068750
8 0.369531 0.436458 0.048438 0.068750
8 0.380469 0.351042 0.048438 0.068750
8 0.374219 0.253125 0.048438 0.068750
8 0.369531 0.167708 0.048438 0.068750
8 0.371094 0.076042 0.048438 0.068750
8 0.438281 0.061458 0.048438 0.068750
8 0.436719 0.157292 0.048438 0.068750
8 0.439844 0.248958 0.048438 0.068750
8 0.441406 0.327083 0.042188 0.070833
8 0.443750 0.425000 0.046875 0.091667
8 0.504687 0.432292 0.046875 0.081250
8 0.503125 0.344792 0.046875 0.081250
8 0.498437 0.265625 0.046875 0.081250
8 0.496875 0.180208 0.046875 0.081250
8 0.495312 0.084375 0.046875 0.081250
8 0.556250 0.082292 0.046875 0.081250
8 0.543750 0.171875 0.046875 0.081250
8 0.554688 0.259375 0.046875 0.081250
8 0.554688 0.342708 0.046875 0.081250
8 0.562500 0.434375 0.046875 0.081250
8 0.607812 0.346875 0.046875 0.081250
8 0.620313 0.426042 0.046875 0.081250
8 0.680469 0.425000 0.054688 0.079167
8 0.675000 0.353125 0.046875 0.081250
8 0.726562 0.344792 0.046875 0.081250
8 0.739062 0.417708 0.046875 0.081250
8 0.793750 0.421875 0.046875 0.081250
8 0.787500 0.326042 0.046875 0.081250
8 0.787500 0.255208 0.046875 0.081250
8 0.732812 0.246875 0.046875 0.081250
8 0.667188 0.246875 0.046875 0.081250
8 0.620313 0.251042 0.046875 0.081250
8 0.607812 0.178125 0.046875 0.081250
8 0.659375 0.159375 0.046875 0.081250
8 0.729688 0.167708 0.046875 0.081250
8 0.781250 0.161458 0.046875 0.081250
8 0.790625 0.092708 0.046875 0.081250
8 0.734375 0.086458 0.046875 0.081250
8 0.660937 0.088542 0.046875 0.081250
8 0.610938 0.076042 0.046875 0.081250
