1 0.664062 0.845833 0.050000 0.070833
1 0.617188 0.900000 0.050000 0.070833
1 0.578125 0.837500 0.050000 0.070833
1 0.542188 0.779167 0.050000 0.070833
1 0.487500 0.706250 0.050000 0.070833
1 0.446875 0.647917 0.050000 0.070833
1 0.412500 0.595833 0.050000 0.070833
1 0.360938 0.531250 0.050000 0.070833
1 0.320312 0.456250 0.050000 0.070833
1 0.279687 0.402083 0.050000 0.070833
1 0.232813 0.345833 0.050000 0.070833
1 0.270313 0.281250 0.050000 0.070833
1 0.317188 0.345833 0.050000 0.070833
1 0.364063 0.404167 0.050000 0.070833
1 0.409375 0.475000 0.050000 0.070833
1 0.450000 0.537500 0.050000 0.070833
1 0.487500 0.600000 0.050000 0.070833
1 0.526563 0.660417 0.050000 0.070833
1 0.573438 0.716667 0.050000 0.070833
1 0.609375 0.783333 0.050000 0.070833
1 0.706250 0.793750 0.050000 0.070833
1 0.742188 0.741667 0.050000 0.070833
1 0.789062 0.691667 0.050000 0.070833
1 0.826562 0.643750 0.050000 0.070833
1 0.868750 0.597917 0.050000 0.070833
1 0.912500 0.547917 0.050000 0.070833
1 0.860938 0.487500 0.050000 0.070833
1 0.831250 0.531250 0.050000 0.070833
1 0.782813 0.579167 0.050000 0.070833
1 0.742188 0.633333 0.050000 0.070833
1 0.703125 0.672917 0.050000 0.070833
1 0.664062 0.741667 0.050000 0.070833
1 0.618750 0.664583 0.050000 0.070833
1 0.656250 0.618750 0.050000 0.070833
1 0.690625 0.570833 0.050000 0.070833
1 0.735938 0.525000 0.050000 0.070833
1 0.779687 0.481250 0.050000 0.070833
1 0.831250 0.433333 0.050000 0.070833
1 0.781250 0.356250 0.050000 0.070833
1 0.737500 0.404167 0.050000 0.070833
1 0.695312 0.462500 0.050000 0.070833
1 0.653125 0.516667 0.050000 0.070833
1 0.617188 0.558333 0.050000 0.070833
1 0.526563 0.545833 0.050000 0.070833
1 0.575000 0.610417 0.050000 0.070833
1 0.568750 0.502083 0.050000 0.070833
1 0.610938 0.458333 0.050000 0.070833
1 0.656250 0.400000 0.050000 0.070833
1 0.687500 0.354167 0.050000 0.070833
1 0.737500 0.295833 0.050000 0.070833
1 0.698438 0.229167 0.050000 0.070833
1 0.650000 0.285417 0.050000 0.070833
1 0.612500 0.331250 0.050000 0.070833
1 0.576562 0.393750 0.050000 0.070833
1 0.531250 0.433333 0.050000 0.070833
1 0.489063 0.489583 0.050000 0.070833
1 0.450000 0.425000 0.050000 0.070833
1 0.490625 0.368750 0.050000 0.070833
1 0.525000 0.322917 0.050000 0.070833
1 0.564063 0.275000 0.050000 0.070833
1 0.609375 0.227083 0.050000 0.070833
1 0.657813 0.170833 0.050000 0.070833
1 0.609375 0.116667 0.050000 0.070833
1 0.560937 0.177083 0.050000 0.070833
1 0.565625 0.056250 0.050000 0.070833
1 0.518750 0.104167 0.050000 0.070833
1 0.481250 0.039583 0.050000 0.070833
1 0.431250 0.085417 0.050000 0.070833
1 0.471875 0.139583 0.050000 0.070833
1 0.514062 0.197917 0.050000 0.070833
1 0.435937 0.200000 0.050000 0.070833
1 0.487500 0.260417 0.050000 0.070833
1 0.400000 0.131250 0.050000 0.070833
1 0.362500 0.179167 0.050000 0.070833
1 0.310937 0.231250 0.050000 0.070833
1 0.354687 0.300000 0.050000 0.070833
1 0.395313 0.237500 0.050000 0.070833
1 0.442969 0.311458 0.051562 0.072917
1 0.407031 0.363542 0.051562 0.072917
