3 0.092969 0.879167 0.070312 0.091667
3 0.166406 0.870833 0.070312 0.091667
3 0.242969 0.864583 0.070312 0.091667
3 0.314844 0.858333 0.070312 0.091667
3 0.392969 0.858333 0.070312 0.091667
3 0.472656 0.841667 0.070312 0.091667
3 0.546094 0.841667 0.070312 0.091667
3 0.619531 0.827083 0.070312 0.091667
3 0.699219 0.820833 0.070312 0.091667
3 0.780469 0.816667 0.070312 0.091667
3 0.785156 0.727083 0.070312 0.091667
3 0.710156 0.731250 0.070312 0.091667
3 0.628906 0.735417 0.070312 0.091667
3 0.558594 0.733333 0.070312 0.091667
3 0.474219 0.743750 0.070312 0.091667
3 0.391406 0.747917 0.070312 0.091667
3 0.325781 0.764583 0.070312 0.091667
3 0.252344 0.768750 0.070312 0.091667
3 0.171094 0.772917 0.070312 0.091667
3 0.092969 0.772917 0.070312 0.091667
3 0.092969 0.695833 0.070312 0.091667
3 0.161719 0.685417 0.070312 0.091667
3 0.246094 0.668750 0.070312 0.091667
3 0.317969 0.675000 0.070312 0.091667
3 0.396094 0.664583 0.070312 0.091667
3 0.472656 0.660417 0.070312 0.091667
3 0.544531 0.654167 0.070312 0.091667
3 0.616406 0.641667 0.070312 0.091667
3 0.688281 0.645833 0.070312 0.091667
3 0.774219 0.629167 0.070312 0.091667
3 0.769531 0.558333 0.070312 0.091667
3 0.700781 0.562500 0.070312 0.091667
3 0.628906 0.558333 0.070312 0.091667
3 0.549219 0.556250 0.070312 0.091667
3 0.464844 0.560417 0.070312 0.091667
3 0.396094 0.566667 0.070312 0.091667
3 0.325781 0.579167 0.070312 0.091667
3 0.247656 0.583333 0.070312 0.091667
3 0.161719 0.587500 0.070312 0.091667
3 0.086719 0.597917 0.070312 0.091667
3 0.080469 0.508333 0.070312 0.091667
3 0.150781 0.497917 0.070312 0.091667
3 0.236719 0.506250 0.070312 0.091667
3 0.308594 0.502083 0.070312 0.091667
3 0.391406 0.493750 0.070312 0.091667
3 0.463281 0.487500 0.070312 0.091667
3 0.541406 0.477083 0.070312 0.091667
3 0.608594 0.477083 0.070312 0.091667
3 0.686719 0.472917 0.070312 0.091667
3 0.774219 0.462500 0.070312 0.091667
3 0.767969 0.379167 0.070312 0.091667
3 0.686719 0.375000 0.070312 0.091667
3 0.619531 0.383333 0.070312 0.091667
3 0.542969 0.387500 0.070312 0.091667
3 0.464844 0.393750 0.070312 0.091667
3 0.392969 0.395833 0.070312 0.091667
3 0.317969 0.400000 0.070312 0.091667
3 0.239844 0.406250 0.070312 0.091667
3 0.155469 0.418750 0.070312 0.091667
3 0.075781 0.414583 0.070312 0.091667
3 0.078906 0.329167 0.070312 0.091667
3 0.074219 0.243750 0.070312 0.091667
3 0.144531 0.231250 0.070312 0.091667
3 0.157031 0.322917 0.070312 0.091667
3 0.238281 0.327083 0.070312 0.091667
3 0.224219 0.229167 0.070312 0.091667
3 0.297656 0.216667 0.070312 0.091667
3 0.307031 0.320833 0.070312 0.091667
3 0.389844 0.318750 0.070312 0.091667
3 0.378906 0.214583 0.070312 0.091667
3 0.455469 0.206250 0.070312 0.091667
3 0.463281 0.310417 0.070312 0.091667
3 0.532031 0.291667 0.070312 0.091667
3 0.532031 0.208333 0.070312 0.091667
3 0.597656 0.189583 0.070312 0.091667
3 0.614844 0.291667 0.070312 0.091667
3 0.689844 0.283333 0.070312 0.091667
3 0.677344 0.210417 0.070312 0.091667
3 0.750781 0.179167 0.070312 0.091667
3 0.766406 0.275000 0.070312 0.091667
