4 0.364844 0.070833 0.051562 0.095833
4 0.424219 0.052083 0.051562 0.095833
4 0.478906 0.052083 0.051562 0.095833
4 0.552344 0.048958 0.051562 0.093750
4 0.367969 0.158333 0.051562 0.095833
4 0.430469 0.170833 0.051562 0.095833
4 0.485156 0.154167 0.051562 0.095833
4 0.552344 0.150000 0.051562 0.095833
4 0.617969 0.135417 0.051562 0.095833
4 0.702344 0.125000 0.051562 0.095833
4 0.760156 0.106250 0.051562 0.095833
4 0.847656 0.095833 0.051562 0.095833
4 0.849219 0.202083 0.051562 0.095833
4 0.855469 0.325000 0.051562 0.095833
4 0.857031 0.427083 0.051562 0.095833
4 0.866406 0.550000 0.051562 0.095833
4 0.785156 0.558333 0.051562 0.095833
4 0.786719 0.429167 0.051562 0.095833
4 0.783594 0.343750 0.051562 0.095833
4 0.778906 0.214583 0.051562 0.095833
4 0.692969 0.225000 0.051562 0.095833
4 0.697656 0.333333 0.051562 0.095833
4 0.697656 0.450000 0.051562 0.095833
4 0.711719 0.533333 0.051562 0.095833
4 0.716406 0.635417 0.051562 0.095833
4 0.638281 0.641667 0.051562 0.095833
4 0.641406 0.547917 0.051562 0.095833
4 0.639844 0.454167 0.051562 0.095833
4 0.635156 0.347917 0.051562 0.095833
4 0.625781 0.241667 0.051562 0.095833
4 0.555469 0.247917 0.051562 0.095833
4 0.557031 0.350000 0.051562 0.095833
4 0.558594 0.466667 0.051562 0.095833
4 0.561719 0.558333 0.051562 0.095833
4 0.567969 0.654167 0.051562 0.095833
4 0.578906 0.735417 0.051562 0.095833
4 0.514844 0.845833 0.051562 0.095833
4 0.505469 0.739583 0.051562 0.095833
4 0.503906 0.647917 0.051562 0.095833
4 0.503906 0.552083 0.051562 0.095833
4 0.499219 0.462500 0.051562 0.095833
4 0.497656 0.370833 0.051562 0.095833
4 0.492969 0.258333 0.051562 0.095833
4 0.424219 0.264583 0.051562 0.095833
4 0.366406 0.268750 0.051562 0.095833
4 0.372656 0.370833 0.051562 0.095833
4 0.442969 0.358333 0.051562 0.095833
4 0.439844 0.464583 0.051562 0.095833
4 0.374219 0.468750 0.051562 0.095833
4 0.382031 0.558333 0.051562 0.095833
4 0.436719 0.556250 0.051562 0.095833
4 0.442969 0.660417 0.051562 0.095833
4 0.447656 0.733333 0.051562 0.095833
4 0.450781 0.827083 0.051562 0.095833
4 0.455469 0.918750 0.051562 0.095833
4 0.394531 0.920833 0.051562 0.095833
4 0.392969 0.843750 0.051562 0.095833
4 0.389844 0.754167 0.051562 0.095833
4 0.388281 0.650000 0.051562 0.095833
4 0.778906 0.656250 0.051562 0.095833
4 0.647656 0.741667 0.051562 0.095833
4 0.580469 0.831250 0.051562 0.095833
4 0.519531 0.941667 0.051562 0.095833
