7 0.022656 0.523958 0.042188 0.072917
7 0.052344 0.461458 0.042188 0.072917
7 0.083594 0.371875 0.042188 0.072917
7 0.108594 0.298958 0.042188 0.072917
7 0.138281 0.211458 0.042188 0.072917
7 0.174219 0.136458 0.042188 0.072917
7 0.200781 0.057292 0.042188 0.072917
7 0.266406 0.098958 0.042188 0.072917
7 0.255469 0.176042 0.042188 0.072917
7 0.217969 0.261458 0.042188 0.072917
7 0.174219 0.342708 0.042188 0.072917
7 0.152344 0.419792 0.042188 0.072917
7 0.121094 0.496875 0.042188 0.072917
7 0.085156 0.571875 0.042188 0.072917
7 0.046094 0.644792 0.042188 0.072917
7 0.108594 0.692708 0.042188 0.072917
7 0.133594 0.609375 0.042188 0.072917
7 0.177344 0.536458 0.042188 0.072917
7 0.216406 0.461458 0.042188 0.072917
7 0.246094 0.390625 0.042188 0.072917
7 0.286719 0.315625 0.042188 0.072917
7 0.313281 0.242708 0.042188 0.072917
7 0.346094 0.136458 0.042188 0.072917
7 0.416406 0.196875 0.042188 0.072917
7 0.389844 0.265625 0.042188 0.072917
7 0.342969 0.359375 0.042188 0.072917
7 0.321094 0.417708 0.042188 0.072917
7 0.294531 0.490625 0.042188 0.072917
7 0.247656 0.596875 0.042188 0.072917
7 0.208594 0.667708 0.042188 0.072917
7 0.192969 0.744792 0.042188 0.072917
7 0.253906 0.798958 0.042188 0.072917
7 0.299219 0.719792 0.042188 0.072917
7 0.330469 0.653125 0.042188 0.072917
7 0.355469 0.561458 0.042188 0.072917
7 0.383594 0.490625 0.042188 0.072917
7 0.413281 0.415625 0.042188 0.072917
7 0.458594 0.317708 0.042188 0.072917
7 0.478906 0.257292 0.042188 0.072917
7 0.558594 0.292708 0.042188 0.072917
7 0.521094 0.376042 0.042188 0.072917
7 0.489844 0.442708 0.042188 0.072917
7 0.453906 0.536458 0.042188 0.072917
7 0.413281 0.609375 0.042188 0.072917
7 0.386719 0.686458 0.042188 0.072917
7 0.360156 0.757292 0.042188 0.072917
7 0.325781 0.851042 0.042188 0.072917
7 0.402344 0.903125 0.042188 0.072917
7 0.422656 0.821875 0.042188 0.072917
7 0.463281 0.738542 0.042188 0.072917
7 0.494531 0.665625 0.042188 0.072917
7 0.530469 0.582292 0.042188 0.072917
7 0.564844 0.498958 0.042188 0.072917
7 0.589844 0.421875 0.042188 0.072917
7 0.619531 0.328125 0.042188 0.072917
7 0.688281 0.378125 0.042188 0.072917
7 0.667969 0.448958 0.042188 0.072917
7 0.621094 0.528125 0.042188 0.072917
7 0.592969 0.615625 0.042188 0.072917
7 0.558594 0.701042 0.042188 0.072917
7 0.530469 0.788542 0.042188 0.072917
7 0.499219 0.859375 0.042188 0.072917
7 0.458594 0.953125 0.042188 0.072917
7 0.567969 0.907292 0.042188 0.072917
7 0.636719 0.963542 0.042188 0.072917
7 0.672656 0.911458 0.042188 0.072917
7 0.599219 0.859375 0.042188 0.072917
7 0.630469 0.769792 0.042188 0.072917
7 0.700781 0.809375 0.042188 0.072917
7 0.736719 0.717708 0.042188 0.072917
7 0.658594 0.680208 0.042188 0.072917
7 0.692969 0.596875 0.042188 0.072917
7 0.760156 0.659375 0.042188 0.072917
7 0.800781 0.582292 0.042188 0.072917
7 0.722656 0.511458 0.042188 0.072917
