0 0.150000 0.215625 0.065625 0.068750
0 0.214062 0.170833 0.053125 0.066667
0 0.269531 0.139583 0.048438 0.087500
0 0.311719 0.102083 0.048438 0.087500
0 0.366406 0.066667 0.048438 0.087500
0 0.452344 0.091667 0.048438 0.087500
0 0.503906 0.062500 0.048438 0.087500
0 0.600781 0.083333 0.048438 0.087500
0 0.552344 0.137500 0.048438 0.087500
0 0.489844 0.168750 0.048438 0.087500
0 0.436719 0.222917 0.048438 0.087500
0 0.405469 0.147917 0.048438 0.087500
0 0.350781 0.162500 0.048438 0.087500
0 0.375781 0.247917 0.048438 0.087500
0 0.299219 0.214583 0.048438 0.087500
0 0.322656 0.291667 0.048438 0.087500
0 0.271094 0.337500 0.048438 0.087500
0 0.246094 0.250000 0.048438 0.087500
0 0.189844 0.275000 0.048438 0.087500
0 0.211719 0.366667 0.048438 0.087500
0 0.236719 0.458333 0.048438 0.087500
0 0.292969 0.420833 0.048438 0.087500
0 0.403906 0.345833 0.048438 0.087500
0 0.350781 0.379167 0.048438 0.087500
0 0.455469 0.308333 0.048438 0.087500
0 0.519531 0.268750 0.048438 0.087500
0 0.567969 0.229167 0.048438 0.087500
0 0.630469 0.181250 0.048438 0.087500
0 0.667969 0.264583 0.048438 0.087500
0 0.613281 0.297917 0.048438 0.087500
0 0.557031 0.347917 0.048438 0.087500
0 0.500781 0.387500 0.048438 0.087500
0 0.439844 0.416667 0.048438 0.087500
0 0.383594 0.464583 0.048438 0.087500
0 0.327344 0.495833 0.048438 0.087500
0 0.269531 0.531250 0.048438 0.087500
0 0.296094 0.625000 0.048438 0.087500
0 0.352344 0.583333 0.048438 0.087500
0 0.403906 0.545833 0.048438 0.087500
0 0.461719 0.512500 0.048438 0.087500
0 0.519531 0.487500 0.048438 0.087500
0 0.582031 0.439583 0.048438 0.087500
0 0.646094 0.393750 0.048438 0.087500
0 0.705469 0.356250 0.048438 0.087500
0 0.738281 0.450000 0.048438 0.087500
0 0.785156 0.529167 0.048438 0.087500
0 0.824219 0.633333 0.048438 0.087500
0 0.875781 0.741667 0.048438 0.087500
0 0.808594 0.781250 0.048438 0.087500
0 0.764844 0.685417 0.048438 0.087500
0 0.730469 0.581250 0.048438 0.087500
0 0.683594 0.479167 0.048438 0.087500
0 0.619531 0.525000 0.048438 0.087500
0 0.660156 0.614583 0.048438 0.087500
0 0.697656 0.720833 0.048438 0.087500
0 0.733594 0.812500 0.048438 0.087500
0 0.675781 0.860417 0.048438 0.087500
0 0.635156 0.758333 0.048438 0.087500
0 0.603906 0.670833 0.048438 0.087500
0 0.560156 0.570833 0.048438 0.087500
0 0.505469 0.597917 0.048438 0.087500
0 0.536719 0.704167 0.048438 0.087500
0 0.571094 0.793750 0.048438 0.087500
0 0.608594 0.891667 0.048438 0.087500
0 0.547656 0.947917 0.048438 0.087500
0 0.517969 0.837500 0.048438 0.087500
0 0.485156 0.733333 0.048438 0.087500
0 0.449219 0.643750 0.048438 0.087500
0 0.378906 0.672917 0.048438 0.087500
0 0.416406 0.766667 0.048438 0.087500
0 0.447656 0.881250 0.048438 0.087500
0 0.485156 0.956250 0.048438 0.087500
0 0.383594 0.908333 0.048438 0.087500
0 0.353906 0.816667 0.048438 0.087500
0 0.328906 0.725000 0.048438 0.087500
