5 0.875000 0.576042 0.056250 0.085417
5 0.829688 0.517708 0.056250 0.085417
5 0.782813 0.438542 0.056250 0.085417
5 0.743750 0.365625 0.056250 0.085417
5 0.690625 0.286458 0.056250 0.085417
5 0.653125 0.223958 0.056250 0.085417
5 0.607812 0.153125 0.056250 0.085417
5 0.562500 0.061458 0.056250 0.085417
5 0.457813 0.043750 0.056250 0.083333
5 0.498437 0.097917 0.056250 0.087500
5 0.556250 0.194792 0.056250 0.085417
5 0.603125 0.265625 0.056250 0.085417
5 0.643750 0.344792 0.056250 0.085417
5 0.684375 0.430208 0.056250 0.085417
5 0.728125 0.480208 0.056250 0.085417
5 0.775000 0.563542 0.056250 0.085417
5 0.829688 0.653125 0.056250 0.085417
5 0.784375 0.680208 0.056250 0.085417
5 0.732812 0.611458 0.056250 0.085417
5 0.687500 0.561458 0.056250 0.085417
5 0.634375 0.473958 0.056250 0.085417
5 0.593750 0.401042 0.056250 0.085417
5 0.554688 0.332292 0.056250 0.085417
5 0.504687 0.253125 0.056250 0.085417
5 0.460938 0.173958 0.056250 0.085417
5 0.400000 0.088542 0.056250 0.085417
5 0.359375 0.028125 0.053125 0.052083
5 0.307812 0.066667 0.053125 0.062500
5 0.353125 0.144792 0.053125 0.060417
5 0.407813 0.223958 0.053125 0.060417
5 0.456250 0.307292 0.053125 0.060417
5 0.496875 0.380208 0.053125 0.060417
5 0.548438 0.446875 0.053125 0.060417
5 0.590625 0.521875 0.053125 0.060417
5 0.635938 0.598958 0.053125 0.060417
5 0.681250 0.659375 0.053125 0.060417
5 0.729688 0.736458 0.053125 0.060417
5 0.682813 0.794792 0.053125 0.060417
5 0.637500 0.728125 0.053125 0.060417
5 0.587500 0.659375 0.053125 0.060417
5 0.538281 0.697917 0.045312 0.062500
5 0.587500 0.767708 0.053125 0.077083
5 0.634375 0.844792 0.053125 0.077083
5 0.592187 0.909375 0.053125 0.077083
5 0.532813 0.957292 0.053125 0.077083
5 0.539062 0.826042 0.053125 0.077083
5 0.490625 0.886458 0.053125 0.077083
5 0.435937 0.805208 0.053125 0.077083
5 0.500000 0.767708 0.053125 0.077083
5 0.496875 0.648958 0.053125 0.077083
5 0.542188 0.588542 0.053125 0.077083
5 0.446875 0.678125 0.053125 0.077083
5 0.395313 0.746875 0.053125 0.077083
5 0.348438 0.673958 0.053125 0.077083
5 0.395313 0.621875 0.053125 0.077083
5 0.443750 0.578125 0.053125 0.077083
5 0.495312 0.519792 0.053125 0.077083
5 0.464062 0.436458 0.053125 0.077083
5 0.403125 0.482292 0.053125 0.077083
5 0.356250 0.532292 0.053125 0.077083
5 0.296875 0.598958 0.053125 0.077083
5 0.264062 0.528125 0.053125 0.077083
5 0.315625 0.461458 0.053125 0.077083
5 0.351562 0.405208 0.053125 0.077083
5 0.404687 0.363542 0.053125 0.077083
5 0.353125 0.292708 0.053125 0.077083
5 0.298438 0.338542 0.053125 0.077083
5 0.250000 0.388542 0.053125 0.077083
5 0.198437 0.455208 0.053125 0.077083
5 0.151562 0.382292 0.053125 0.077083
5 0.190625 0.323958 0.053125 0.077083
5 0.242188 0.278125 0.053125 0.077083
5 0.304688 0.223958 0.053125 0.077083
5 0.259375 0.134375 0.053125 0.077083
5 0.195312 0.178125 0.053125 0.077083
5 0.154688 0.245833 0.059375 0.066667
