7 0.304688 0.340625 0.059375 0.056250
7 0.354687 0.330208 0.059375 0.056250
7 0.428125 0.336458 0.059375 0.056250
7 0.487500 0.328125 0.059375 0.056250
7 0.546875 0.326042 0.059375 0.056250
7 0.618750 0.319792 0.059375 0.056250
7 0.687500 0.319792 0.059375 0.056250
7 0.753125 0.317708 0.059375 0.056250
7 0.818750 0.307292 0.059375 0.056250
7 0.887500 0.294792 0.059375 0.056250
7 0.906250 0.371875 0.065625 0.052083
7 0.825000 0.376042 0.065625 0.052083
7 0.760938 0.380208 0.065625 0.052083
7 0.685937 0.386458 0.056250 0.052083
7 0.620313 0.386458 0.056250 0.052083
7 0.549219 0.386458 0.057813 0.056250
7 0.492188 0.390625 0.059375 0.060417
7 0.432812 0.390625 0.059375 0.060417
7 0.290625 0.538542 0.059375 0.060417
7 0.359375 0.384375 0.059375 0.060417
7 0.295312 0.390625 0.059375 0.060417
7 0.285938 0.459375 0.059375 0.060417
7 0.284375 0.623958 0.059375 0.060417
7 0.284375 0.694792 0.059375 0.060417
7 0.345313 0.803125 0.059375 0.060417
7 0.278125 0.805208 0.059375 0.060417
7 0.342187 0.898958 0.059375 0.060417
7 0.420312 0.903125 0.059375 0.060417
7 0.489063 0.896875 0.059375 0.060417
7 0.565625 0.905208 0.059375 0.060417
7 0.659375 0.905208 0.059375 0.060417
7 0.732812 0.903125 0.059375 0.060417
7 0.803125 0.903125 0.059375 0.060417
7 0.887500 0.903125 0.059375 0.060417
7 0.970313 0.909375 0.059375 0.060417
7 0.954688 0.807292 0.059375 0.060417
7 0.881250 0.798958 0.059375 0.060417
7 0.803125 0.801042 0.059375 0.060417
7 0.720313 0.792708 0.059375 0.060417
7 0.650000 0.792708 0.059375 0.060417
7 0.578125 0.796875 0.059375 0.060417
7 0.503125 0.790625 0.059375 0.060417
7 0.420312 0.786458 0.059375 0.060417
7 0.355469 0.715625 0.057813 0.056250
7 0.414844 0.715625 0.057813 0.056250
7 0.491406 0.719792 0.057813 0.056250
7 0.560156 0.709375 0.057813 0.056250
7 0.632031 0.713542 0.057813 0.056250
7 0.708594 0.705208 0.057813 0.056250
7 0.792969 0.713542 0.057813 0.056250
7 0.852344 0.705208 0.057813 0.056250
7 0.958594 0.703125 0.057813 0.056250
7 0.935156 0.619792 0.057813 0.056250
7 0.850781 0.615625 0.057813 0.056250
7 0.777344 0.617708 0.057813 0.056250
7 0.699219 0.630208 0.057813 0.056250
7 0.636719 0.619792 0.057813 0.056250
7 0.572656 0.621875 0.060937 0.060417
7 0.500781 0.617708 0.060937 0.060417
7 0.424219 0.623958 0.060937 0.060417
7 0.355469 0.632292 0.060937 0.060417
7 0.355469 0.542708 0.060937 0.060417
7 0.363281 0.476042 0.060937 0.060417
7 0.432812 0.469792 0.062500 0.060417
7 0.423438 0.542708 0.062500 0.060417
7 0.493750 0.548958 0.062500 0.060417
7 0.498437 0.463542 0.062500 0.060417
7 0.562500 0.461458 0.062500 0.060417
7 0.564063 0.540625 0.062500 0.060417
7 0.628125 0.534375 0.062500 0.060417
7 0.621875 0.461458 0.062500 0.060417
7 0.690625 0.469792 0.062500 0.060417
7 0.696875 0.544792 0.062500 0.060417
7 0.767188 0.532292 0.062500 0.060417
7 0.765625 0.453125 0.062500 0.060417
7 0.829688 0.455208 0.062500 0.060417
7 0.837500 0.538542 0.062500 0.060417
7 0.917188 0.534375 0.062500 0.060417
7 0.905469 0.456250 0.073438 0.079167
