3 0.935156 0.472917 0.054688 0.075000
3 0.882031 0.429167 0.054688 0.075000
3 0.830469 0.366667 0.054688 0.075000
3 0.782813 0.310417 0.053125 0.079167
3 0.726562 0.260417 0.046875 0.062500
3 0.687500 0.206250 0.046875 0.062500
3 0.639062 0.158333 0.046875 0.062500
3 0.589063 0.093750 0.046875 0.062500
3 0.534375 0.041667 0.046875 0.062500
3 0.454688 0.045833 0.046875 0.062500
3 0.495312 0.100000 0.046875 0.062500
3 0.550000 0.156250 0.046875 0.062500
3 0.593750 0.202083 0.046875 0.062500
3 0.642188 0.258333 0.046875 0.062500
3 0.695312 0.304167 0.046875 0.062500
3 0.743750 0.370833 0.046875 0.062500
3 0.784375 0.422917 0.046875 0.062500
3 0.837500 0.481250 0.046875 0.062500
3 0.900000 0.529167 0.046875 0.062500
3 0.863281 0.587500 0.060937 0.075000
3 0.803906 0.529167 0.060937 0.075000
3 0.757031 0.475000 0.060937 0.075000
3 0.700781 0.418750 0.060937 0.075000
3 0.664844 0.370833 0.060937 0.075000
3 0.605469 0.308333 0.060937 0.075000
3 0.557031 0.264583 0.060937 0.075000
3 0.507031 0.208333 0.060937 0.075000
3 0.467969 0.160417 0.060937 0.075000
3 0.413281 0.097917 0.060937 0.075000
3 0.378906 0.145833 0.060937 0.075000
3 0.425781 0.206250 0.060937 0.075000
3 0.469531 0.252083 0.060937 0.075000
3 0.514844 0.312500 0.060937 0.075000
3 0.564844 0.360417 0.060937 0.075000
3 0.613281 0.414583 0.060937 0.075000
3 0.658594 0.477083 0.060937 0.075000
3 0.714844 0.529167 0.060937 0.075000
3 0.763281 0.593750 0.060937 0.075000
3 0.821094 0.645833 0.060937 0.075000
3 0.785156 0.712500 0.060937 0.075000
3 0.747656 0.775000 0.060937 0.075000
3 0.710156 0.825000 0.060937 0.075000
3 0.669531 0.889583 0.060937 0.075000
3 0.613281 0.816667 0.060937 0.075000
3 0.658594 0.766667 0.060937 0.075000
3 0.703906 0.710417 0.060937 0.075000
3 0.736719 0.654167 0.060937 0.075000
3 0.680469 0.587500 0.060937 0.075000
3 0.635156 0.533333 0.060937 0.075000
3 0.597656 0.581250 0.060937 0.075000
3 0.561719 0.654167 0.060937 0.075000
3 0.653906 0.654167 0.060937 0.075000
3 0.599219 0.712500 0.060937 0.075000
3 0.563281 0.760417 0.060937 0.075000
3 0.522656 0.710417 0.060937 0.075000
3 0.464844 0.658333 0.060937 0.075000
3 0.505469 0.595833 0.060937 0.075000
3 0.536719 0.545833 0.060937 0.075000
3 0.585156 0.475000 0.060937 0.075000
3 0.532031 0.418750 0.060937 0.075000
3 0.491406 0.479167 0.060937 0.075000
3 0.457031 0.527083 0.060937 0.075000
3 0.411719 0.604167 0.060937 0.075000
3 0.367969 0.533333 0.060937 0.075000
3 0.403906 0.483333 0.060937 0.075000
3 0.447656 0.414583 0.060937 0.075000
3 0.486719 0.372917 0.060937 0.075000
3 0.439844 0.308333 0.060937 0.075000
3 0.389844 0.266667 0.060937 0.075000
3 0.344531 0.185417 0.060937 0.075000
3 0.314844 0.250000 0.060937 0.075000
3 0.260156 0.302083 0.060937 0.075000
3 0.221094 0.362500 0.060937 0.075000
3 0.267969 0.418750 0.060937 0.075000
3 0.311719 0.366667 0.060937 0.075000
3 0.348438 0.316667 0.065625 0.070833
3 0.393750 0.375000 0.065625 0.070833
3 0.371875 0.414583 0.065625 0.070833
3 0.321875 0.475000 0.065625 0.070833
