10 0.907813 0.460417 0.059375 0.070833
10 0.875000 0.520833 0.059375 0.070833
10 0.848437 0.597917 0.059375 0.070833
10 0.810937 0.664583 0.059375 0.070833
10 0.779687 0.729167 0.059375 0.070833
10 0.754687 0.806250 0.059375 0.070833
10 0.723437 0.889583 0.059375 0.070833
10 0.682813 0.956250 0.059375 0.070833
10 0.604688 0.916667 0.059375 0.070833
10 0.635938 0.835417 0.059375 0.070833
10 0.684375 0.772917 0.059375 0.070833
10 0.715625 0.695833 0.059375 0.070833
10 0.754687 0.618750 0.059375 0.070833
10 0.781250 0.556250 0.059375 0.070833
10 0.807813 0.477083 0.059375 0.070833
10 0.843750 0.416667 0.059375 0.070833
10 0.787500 0.372917 0.059375 0.070833
10 0.748437 0.431250 0.059375 0.070833
10 0.721875 0.487500 0.059375 0.070833
10 0.681250 0.570833 0.059375 0.070833
10 0.651563 0.629167 0.059375 0.070833
10 0.612500 0.697917 0.059375 0.070833
10 0.587500 0.775000 0.059375 0.070833
10 0.559375 0.868750 0.059375 0.070833
10 0.476562 0.818750 0.059375 0.070833
10 0.521875 0.731250 0.059375 0.070833
10 0.556250 0.647917 0.059375 0.070833
10 0.590625 0.587500 0.059375 0.070833
10 0.626563 0.522917 0.059375 0.070833
10 0.656250 0.462500 0.059375 0.070833
10 0.692187 0.387500 0.059375 0.070833
10 0.710938 0.312500 0.059375 0.070833
10 0.665625 0.272917 0.059375 0.070833
10 0.628125 0.318750 0.059375 0.070833
10 0.589063 0.404167 0.059375 0.070833
10 0.559375 0.454167 0.059375 0.070833
10 0.529687 0.527083 0.059375 0.070833
10 0.496875 0.602083 0.059375 0.070833
10 0.464062 0.677083 0.059375 0.070833
10 0.442188 0.775000 0.059375 0.070833
10 0.357812 0.710417 0.059375 0.070833
10 0.404687 0.635417 0.059375 0.070833
10 0.442188 0.545833 0.059375 0.070833
10 0.462500 0.493750 0.059375 0.070833
10 0.498437 0.433333 0.059375 0.070833
10 0.532813 0.360417 0.059375 0.070833
10 0.564063 0.285417 0.059375 0.070833
10 0.598437 0.216667 0.059375 0.070833
10 0.542188 0.166667 0.059375 0.070833
10 0.518750 0.229167 0.059375 0.070833
10 0.478125 0.302083 0.059375 0.070833
10 0.448437 0.358333 0.059375 0.070833
10 0.403125 0.445833 0.059375 0.070833
10 0.373437 0.508333 0.059375 0.070833
10 0.354687 0.560417 0.059375 0.070833
10 0.304688 0.662500 0.059375 0.070833
10 0.229687 0.629167 0.059375 0.070833
10 0.279687 0.529167 0.059375 0.070833
10 0.310937 0.470833 0.059375 0.070833
10 0.337500 0.395833 0.059375 0.070833
10 0.373437 0.329167 0.059375 0.070833
10 0.410938 0.262500 0.059375 0.070833
10 0.460938 0.185417 0.059375 0.070833
10 0.489063 0.141667 0.059375 0.070833
10 0.428125 0.058333 0.059375 0.070833
10 0.396875 0.125000 0.059375 0.070833
10 0.350000 0.191667 0.059375 0.070833
10 0.326562 0.247917 0.059375 0.070833
10 0.292187 0.335417 0.059375 0.070833
10 0.259375 0.395833 0.059375 0.070833
10 0.210938 0.460417 0.059375 0.070833
10 0.189062 0.350000 0.059375 0.070833
10 0.229687 0.306250 0.059375 0.070833
10 0.267188 0.237500 0.059375 0.070833
10 0.295312 0.175000 0.059375 0.070833
10 0.340625 0.104167 0.059375 0.070833
10 0.376563 0.036458 0.059375 0.068750
