4 0.452344 0.035417 0.051562 0.066667
4 0.505469 0.046875 0.051562 0.068750
4 0.580469 0.071875 0.051562 0.068750
4 0.641406 0.105208 0.051562 0.068750
4 0.707031 0.117708 0.051562 0.068750
4 0.792969 0.157292 0.051562 0.068750
4 0.861719 0.163542 0.051562 0.068750
4 0.941406 0.203125 0.051562 0.068750
4 0.966406 0.096875 0.051562 0.068750
4 0.886719 0.061458 0.051562 0.068750
4 0.814844 0.046875 0.051562 0.068750
4 0.913281 0.317708 0.051562 0.068750
4 0.835156 0.273958 0.051562 0.068750
4 0.749219 0.251042 0.051562 0.068750
4 0.688281 0.228125 0.051562 0.068750
4 0.616406 0.203125 0.051562 0.068750
4 0.561719 0.182292 0.051562 0.068750
4 0.491406 0.155208 0.051562 0.068750
4 0.430469 0.130208 0.051562 0.068750
4 0.405469 0.223958 0.045312 0.085417
4 0.458594 0.246875 0.045312 0.085417
4 0.521094 0.282292 0.045312 0.085417
4 0.588281 0.303125 0.045312 0.085417
4 0.658594 0.332292 0.045312 0.085417
4 0.719531 0.355208 0.045312 0.085417
4 0.796094 0.390625 0.045312 0.085417
4 0.871094 0.409375 0.045312 0.085417
4 0.852344 0.519792 0.045312 0.085417
4 0.778906 0.490625 0.045312 0.085417
4 0.699219 0.453125 0.045312 0.085417
4 0.638281 0.417708 0.045312 0.085417
4 0.571094 0.398958 0.054688 0.085417
4 0.508594 0.369792 0.054688 0.085417
4 0.442969 0.353125 0.054688 0.085417
4 0.374219 0.315625 0.054688 0.085417
4 0.361719 0.411458 0.054688 0.085417
4 0.414844 0.444792 0.054688 0.085417
4 0.482031 0.480208 0.054688 0.085417
4 0.536719 0.494792 0.054688 0.085417
4 0.596094 0.523958 0.054688 0.085417
4 0.669531 0.561458 0.054688 0.085417
4 0.728906 0.590625 0.054688 0.085417
4 0.814844 0.623958 0.054688 0.085417
4 0.786719 0.753125 0.054688 0.085417
4 0.717969 0.705208 0.054688 0.085417
4 0.646094 0.659375 0.054688 0.085417
4 0.583594 0.636458 0.054688 0.085417
4 0.513281 0.596875 0.054688 0.085417
4 0.461719 0.565625 0.054688 0.085417
4 0.403906 0.542708 0.054688 0.085417
4 0.338281 0.511458 0.054688 0.085417
4 0.314844 0.590625 0.054688 0.085417
4 0.374219 0.640625 0.054688 0.085417
4 0.428906 0.667708 0.045312 0.072917
4 0.486719 0.701042 0.045312 0.072917
4 0.539844 0.726042 0.045312 0.072917
4 0.603906 0.763542 0.045312 0.072917
4 0.682031 0.788542 0.045312 0.072917
4 0.755469 0.836458 0.045312 0.072917
4 0.741406 0.955208 0.045312 0.072917
4 0.655469 0.907292 0.045312 0.072917
4 0.589844 0.876042 0.045312 0.072917
4 0.566406 0.963542 0.045312 0.072917
4 0.492969 0.932292 0.045312 0.072917
4 0.530469 0.836458 0.045312 0.072917
4 0.461719 0.786458 0.045312 0.072917
4 0.432031 0.880208 0.045312 0.072917
4 0.375781 0.859375 0.045312 0.072917
4 0.314844 0.813542 0.045312 0.072917
4 0.252344 0.776042 0.045312 0.072917
4 0.283594 0.696875 0.045312 0.072917
4 0.342969 0.721875 0.045312 0.072917
4 0.403906 0.763542 0.045312 0.072917
