5 0.850781 0.080208 0.067187 0.077083
5 0.896094 0.151042 0.067187 0.077083
5 0.925781 0.217708 0.067187 0.077083
5 0.966406 0.305208 0.067187 0.077083
5 0.896094 0.363542 0.067187 0.077083
5 0.858594 0.273958 0.067187 0.077083
5 0.824219 0.207292 0.067187 0.077083
5 0.788281 0.134375 0.067187 0.077083
5 0.727344 0.173958 0.067187 0.077083
5 0.660156 0.221875 0.067187 0.077083
5 0.585938 0.272917 0.068750 0.083333
5 0.525000 0.310417 0.068750 0.083333
5 0.464062 0.351042 0.059375 0.093750
5 0.403125 0.394792 0.059375 0.093750
5 0.345313 0.426042 0.059375 0.093750
5 0.279687 0.471875 0.059375 0.093750
5 0.292187 0.561458 0.059375 0.093750
5 0.354687 0.523958 0.059375 0.093750
5 0.418750 0.476042 0.059375 0.093750
5 0.482812 0.444792 0.059375 0.093750
5 0.553125 0.394792 0.059375 0.093750
5 0.612500 0.342708 0.059375 0.093750
5 0.690625 0.292708 0.059375 0.093750
5 0.764062 0.244792 0.059375 0.093750
5 0.784375 0.334375 0.059375 0.093750
5 0.812500 0.403125 0.059375 0.093750
5 0.843750 0.484375 0.059375 0.093750
5 0.932813 0.438542 0.059375 0.093750
5 0.969531 0.517708 0.060937 0.093750
5 0.899219 0.569792 0.060937 0.093750
5 0.936719 0.644792 0.060937 0.093750
5 0.969531 0.757292 0.060937 0.093750
5 0.900781 0.780208 0.060937 0.093750
5 0.861719 0.686458 0.060937 0.093750
5 0.828906 0.605208 0.060937 0.093750
5 0.789844 0.551042 0.060937 0.093750
5 0.755469 0.476042 0.060937 0.093750
5 0.727344 0.382292 0.060937 0.093750
5 0.652344 0.413542 0.060937 0.093750
5 0.675781 0.501042 0.060937 0.093750
5 0.710156 0.553125 0.060937 0.093750
5 0.742969 0.673958 0.060937 0.093750
5 0.777344 0.742708 0.060937 0.093750
5 0.819531 0.840625 0.060937 0.093750
5 0.749219 0.888542 0.060937 0.093750
5 0.702344 0.796875 0.060937 0.093750
5 0.672656 0.711458 0.060937 0.093750
5 0.646094 0.632292 0.060937 0.093750
5 0.616406 0.544792 0.060937 0.093750
5 0.594531 0.478125 0.060937 0.093750
5 0.519531 0.507292 0.060937 0.093750
5 0.544531 0.586458 0.060937 0.093750
5 0.567969 0.667708 0.060937 0.093750
5 0.602344 0.744792 0.060937 0.093750
5 0.638281 0.828125 0.060937 0.093750
5 0.672656 0.942708 0.060937 0.093750
5 0.597656 0.953125 0.060937 0.093750
5 0.550781 0.876042 0.060937 0.093750
5 0.530469 0.811458 0.060937 0.093750
5 0.511719 0.705208 0.060937 0.093750
5 0.489844 0.632292 0.060937 0.093750
5 0.460156 0.563542 0.060937 0.093750
5 0.388281 0.584375 0.060937 0.093750
5 0.411719 0.648958 0.060937 0.093750
5 0.435156 0.756250 0.057813 0.066667
5 0.471094 0.839583 0.057813 0.066667
5 0.494531 0.937500 0.057813 0.066667
5 0.408594 0.893750 0.057813 0.066667
5 0.371094 0.808333 0.057813 0.066667
5 0.352344 0.727083 0.057813 0.066667
5 0.335156 0.637500 0.057813 0.066667
