0 0.203125 0.517708 0.059375 0.085417
0 0.259375 0.476042 0.059375 0.085417
0 0.515625 0.280208 0.059375 0.085417
0 0.321875 0.430208 0.059375 0.085417
0 0.392188 0.371875 0.059375 0.085417
0 0.454688 0.326042 0.059375 0.085417
0 0.573438 0.230208 0.059375 0.085417
0 0.635938 0.176042 0.059375 0.085417
0 0.700781 0.123958 0.051562 0.068750
0 0.762500 0.067708 0.059375 0.085417
0 0.817187 0.136458 0.059375 0.085417
0 0.745313 0.176042 0.059375 0.085417
0 0.673438 0.236458 0.059375 0.085417
0 0.615625 0.288542 0.059375 0.085417
0 0.546875 0.342708 0.059375 0.085417
0 0.482812 0.398958 0.059375 0.085417
0 0.421875 0.451042 0.059375 0.085417
0 0.351562 0.501042 0.059375 0.085417
0 0.290625 0.551042 0.059375 0.085417
0 0.220312 0.596875 0.059375 0.085417
0 0.253125 0.682292 0.059375 0.085417
0 0.312500 0.628125 0.059375 0.085417
0 0.382812 0.588542 0.059375 0.085417
0 0.456250 0.534375 0.059375 0.085417
0 0.510938 0.476042 0.059375 0.085417
0 0.582812 0.426042 0.059375 0.085417
0 0.643750 0.369792 0.059375 0.085417
0 0.717187 0.315625 0.059375 0.085417
0 0.775000 0.257292 0.059375 0.085417
0 0.848437 0.211458 0.059375 0.085417
0 0.895312 0.267708 0.059375 0.085417
0 0.829688 0.326042 0.059375 0.085417
0 0.751563 0.386458 0.059375 0.085417
0 0.692187 0.457292 0.059375 0.085417
0 0.620313 0.496875 0.059375 0.085417
0 0.542188 0.553125 0.059375 0.085417
0 0.481250 0.607292 0.059375 0.085417
0 0.409375 0.661458 0.059375 0.085417
0 0.345313 0.717708 0.059375 0.085417
0 0.275000 0.759375 0.059375 0.085417
0 0.296875 0.834375 0.059375 0.085417
0 0.320312 0.926042 0.059375 0.085417
0 0.439063 0.957292 0.059375 0.085417
0 0.410938 0.882292 0.059375 0.085417
0 0.378125 0.798958 0.059375 0.085417
0 0.439063 0.736458 0.059375 0.085417
0 0.467187 0.821875 0.059375 0.085417
0 0.510938 0.907292 0.059375 0.085417
0 0.629687 0.957292 0.059375 0.085417
0 0.585938 0.876042 0.059375 0.085417
0 0.554688 0.769792 0.059375 0.085417
0 0.509375 0.690625 0.059375 0.085417
0 0.576562 0.642708 0.059375 0.085417
0 0.614062 0.719792 0.059375 0.085417
0 0.648438 0.801042 0.059375 0.085417
0 0.690625 0.886458 0.059375 0.085417
0 0.768750 0.838542 0.059375 0.085417
0 0.723437 0.744792 0.059375 0.085417
0 0.687500 0.657292 0.059375 0.085417
0 0.654687 0.573958 0.059375 0.085417
0 0.707812 0.532292 0.059375 0.085417
0 0.748437 0.607292 0.059375 0.085417
0 0.807813 0.692708 0.059375 0.085417
0 0.850000 0.778125 0.059375 0.085417
0 0.939063 0.732292 0.059375 0.085417
0 0.882812 0.638542 0.059375 0.085417
0 0.957812 0.578125 0.059375 0.085417
0 0.912500 0.490625 0.059375 0.085417
0 0.831250 0.546875 0.059375 0.085417
0 0.789062 0.455208 0.059375 0.085417
0 0.859375 0.405208 0.059375 0.085417
0 0.939063 0.365625 0.059375 0.085417
