9 0.850000 0.164583 0.065625 0.058333
9 0.875000 0.239583 0.065625 0.058333
9 0.884375 0.306250 0.065625 0.058333
9 0.901563 0.375000 0.065625 0.058333
9 0.926562 0.450000 0.065625 0.058333
9 0.945312 0.525000 0.065625 0.058333
9 0.967187 0.616667 0.065625 0.058333
9 0.893750 0.645833 0.065625 0.058333
9 0.914062 0.733333 0.065625 0.058333
9 0.868750 0.566667 0.065625 0.058333
9 0.854688 0.491667 0.065625 0.058333
9 0.837500 0.393750 0.065625 0.058333
9 0.810937 0.335417 0.065625 0.058333
9 0.803125 0.254167 0.065625 0.058333
9 0.790625 0.195833 0.065625 0.058333
9 0.725000 0.200000 0.065625 0.058333
9 0.723437 0.275000 0.065625 0.058333
9 0.742188 0.339583 0.065625 0.058333
9 0.757812 0.425000 0.065625 0.058333
9 0.781250 0.506250 0.065625 0.058333
9 0.792188 0.570833 0.065625 0.058333
9 0.818750 0.668750 0.065625 0.058333
9 0.837500 0.737500 0.065625 0.058333
9 0.767188 0.781250 0.065625 0.058333
9 0.750000 0.697917 0.065625 0.058333
9 0.729688 0.595833 0.065625 0.058333
9 0.717187 0.531250 0.065625 0.058333
9 0.703125 0.466667 0.065625 0.058333
9 0.679688 0.364583 0.065625 0.058333
9 0.657813 0.295833 0.065625 0.058333
9 0.656250 0.235417 0.065625 0.058333
9 0.578125 0.252083 0.065625 0.058333
9 0.601562 0.343750 0.065625 0.058333
9 0.609375 0.391667 0.065625 0.058333
9 0.629687 0.487500 0.065625 0.058333
9 0.645312 0.543750 0.065625 0.058333
9 0.660937 0.629167 0.065625 0.058333
9 0.682813 0.714583 0.065625 0.058333
9 0.700000 0.795833 0.065625 0.058333
9 0.640625 0.814583 0.065625 0.058333
9 0.620313 0.737500 0.065625 0.058333
9 0.589063 0.639583 0.065625 0.058333
9 0.581250 0.568750 0.065625 0.058333
9 0.575000 0.504167 0.065625 0.058333
9 0.559375 0.422917 0.065625 0.058333
9 0.538281 0.364583 0.057813 0.070833
9 0.539062 0.281250 0.065625 0.058333
9 0.481250 0.293750 0.065625 0.058333
9 0.473438 0.372917 0.065625 0.058333
9 0.487500 0.454167 0.065625 0.058333
9 0.496875 0.520833 0.065625 0.058333
9 0.509375 0.591667 0.065625 0.058333
9 0.525000 0.660417 0.065625 0.058333
9 0.534375 0.781250 0.065625 0.058333
9 0.557813 0.858333 0.065625 0.058333
9 0.470313 0.854167 0.065625 0.058333
9 0.473438 0.791667 0.065625 0.058333
9 0.451562 0.691667 0.065625 0.058333
9 0.439063 0.614583 0.065625 0.058333
9 0.429688 0.550000 0.065625 0.058333
9 0.425000 0.481250 0.065625 0.058333
9 0.423438 0.416667 0.065625 0.058333
9 0.407813 0.341667 0.065625 0.058333
9 0.351562 0.339583 0.065625 0.058333
9 0.357812 0.425000 0.065625 0.058333
9 0.365625 0.483333 0.065625 0.058333
9 0.370312 0.545833 0.065625 0.058333
9 0.385937 0.633333 0.065625 0.058333
9 0.400000 0.725000 0.065625 0.058333
9 0.406250 0.781250 0.065625 0.058333
9 0.414062 0.879167 0.065625 0.058333
9 0.351562 0.918750 0.065625 0.058333
9 0.339062 0.835417 0.065625 0.058333
9 0.328125 0.743750 0.065625 0.058333
9 0.318750 0.643750 0.065625 0.058333
9 0.310937 0.581250 0.065625 0.058333
9 0.306250 0.525000 0.065625 0.058333
9 0.295312 0.458333 0.065625 0.058333
9 0.275000 0.370833 0.065625 0.058333
