5 0.901563 0.095833 0.081250 0.070833
5 0.914062 0.170833 0.081250 0.070833
5 0.917188 0.264583 0.081250 0.070833
5 0.931250 0.370833 0.081250 0.070833
5 0.931250 0.450000 0.081250 0.070833
5 0.943750 0.552083 0.081250 0.070833
5 0.946875 0.647917 0.081250 0.070833
5 0.959375 0.737500 0.081250 0.070833
5 0.882812 0.762500 0.081250 0.070833
5 0.873437 0.656250 0.081250 0.070833
5 0.859375 0.564583 0.081250 0.070833
5 0.851562 0.470833 0.081250 0.070833
5 0.843750 0.370833 0.081250 0.070833
5 0.834375 0.285417 0.081250 0.070833
5 0.834375 0.206250 0.081250 0.070833
5 0.829688 0.112500 0.081250 0.070833
5 0.746875 0.116667 0.081250 0.070833
5 0.742188 0.197917 0.081250 0.070833
5 0.754687 0.295833 0.081250 0.070833
5 0.759375 0.391667 0.081250 0.070833
5 0.765625 0.481250 0.081250 0.070833
5 0.779687 0.568750 0.081250 0.070833
5 0.781250 0.672917 0.081250 0.070833
5 0.803125 0.766667 0.081250 0.070833
5 0.707812 0.756250 0.081250 0.070833
5 0.701562 0.670833 0.081250 0.070833
5 0.693750 0.585417 0.081250 0.070833
5 0.687500 0.489583 0.081250 0.070833
5 0.679688 0.400000 0.081250 0.070833
5 0.676562 0.325000 0.081250 0.070833
5 0.673438 0.218750 0.081250 0.070833
5 0.667188 0.141667 0.081250 0.070833
5 0.582812 0.152083 0.081250 0.070833
5 0.587500 0.243750 0.081250 0.070833
5 0.596875 0.316667 0.081250 0.070833
5 0.604688 0.391667 0.081250 0.070833
5 0.617188 0.485417 0.081250 0.070833
5 0.614062 0.577083 0.081250 0.070833
5 0.615625 0.666667 0.081250 0.070833
5 0.628125 0.766667 0.081250 0.070833
5 0.560937 0.762500 0.081250 0.070833
5 0.544531 0.672917 0.064062 0.075000
5 0.544531 0.578125 0.070312 0.072917
5 0.536719 0.492708 0.070312 0.072917
5 0.533594 0.423958 0.070312 0.072917
5 0.516406 0.326042 0.070312 0.072917
5 0.522656 0.248958 0.070312 0.072917
5 0.514844 0.161458 0.070312 0.072917
5 0.436719 0.159375 0.070312 0.072917
5 0.447656 0.244792 0.070312 0.072917
5 0.453906 0.328125 0.070312 0.072917
5 0.458594 0.421875 0.070312 0.072917
5 0.466406 0.498958 0.070312 0.072917
5 0.474219 0.588542 0.070312 0.072917
5 0.478906 0.676042 0.070312 0.072917
5 0.485156 0.786458 0.070312 0.072917
5 0.408594 0.776042 0.070312 0.072917
5 0.411719 0.686458 0.070312 0.072917
5 0.405469 0.590625 0.070312 0.072917
5 0.397656 0.513542 0.070312 0.072917
5 0.400781 0.438542 0.070312 0.072917
5 0.378906 0.344792 0.070312 0.072917
5 0.375781 0.261458 0.070312 0.072917
5 0.372656 0.184375 0.070312 0.072917
5 0.308594 0.188542 0.070312 0.072917
5 0.235156 0.201042 0.070312 0.072917
5 0.232031 0.286458 0.070312 0.072917
5 0.307031 0.282292 0.070312 0.072917
5 0.311719 0.367708 0.070312 0.072917
5 0.242969 0.373958 0.070312 0.072917
5 0.238281 0.453125 0.070312 0.072917
5 0.319531 0.453125 0.070312 0.072917
5 0.335156 0.526042 0.070312 0.072917
5 0.267969 0.532292 0.070312 0.072917
5 0.341406 0.613542 0.070312 0.072917
