9 0.913281 0.644792 0.054688 0.089583
9 0.882031 0.565625 0.054688 0.089583
9 0.830469 0.476042 0.054688 0.089583
9 0.796094 0.401042 0.054688 0.089583
9 0.755469 0.340625 0.054688 0.089583
9 0.714844 0.242708 0.054688 0.089583
9 0.671094 0.169792 0.054688 0.089583
9 0.644531 0.105208 0.054688 0.089583
9 0.611719 0.031250 0.057813 0.058333
9 0.550781 0.068750 0.054688 0.087500
9 0.582031 0.131250 0.054688 0.087500
9 0.625781 0.226042 0.039062 0.085417
9 0.660937 0.292708 0.034375 0.085417
9 0.703125 0.369792 0.040625 0.089583
9 0.739062 0.446875 0.043750 0.064583
9 0.781250 0.519792 0.043750 0.064583
9 0.821875 0.609375 0.043750 0.064583
9 0.859375 0.682292 0.043750 0.064583
9 0.806250 0.738542 0.043750 0.064583
9 0.773438 0.648958 0.043750 0.064583
9 0.731250 0.580208 0.043750 0.064583
9 0.690625 0.484375 0.043750 0.064583
9 0.659375 0.409375 0.043750 0.064583
9 0.615625 0.342708 0.043750 0.064583
9 0.576562 0.271875 0.043750 0.064583
9 0.545312 0.186458 0.043750 0.064583
9 0.498437 0.113542 0.043750 0.064583
9 0.459375 0.033333 0.043750 0.062500
9 0.406250 0.057292 0.043750 0.064583
9 0.443750 0.151042 0.043750 0.064583
9 0.479687 0.228125 0.043750 0.064583
9 0.518750 0.295833 0.043750 0.066667
9 0.560937 0.384375 0.043750 0.064583
9 0.601562 0.473958 0.043750 0.064583
9 0.635938 0.538542 0.043750 0.064583
9 0.670312 0.615625 0.043750 0.064583
9 0.718750 0.696875 0.043750 0.064583
9 0.756250 0.776042 0.043750 0.064583
9 0.711719 0.826042 0.060937 0.081250
9 0.669531 0.748958 0.060937 0.081250
9 0.628906 0.678125 0.060937 0.081250
9 0.594531 0.592708 0.060937 0.056250
9 0.549219 0.508333 0.057813 0.054167
9 0.525781 0.435417 0.057813 0.054167
9 0.480469 0.358333 0.057813 0.054167
9 0.436719 0.279167 0.057813 0.054167
9 0.400781 0.200000 0.057813 0.054167
9 0.361719 0.112500 0.057813 0.054167
9 0.307031 0.160417 0.057813 0.054167
9 0.344531 0.234375 0.057813 0.052083
9 0.374219 0.313542 0.057813 0.052083
9 0.413281 0.396875 0.057813 0.052083
9 0.455469 0.465625 0.057813 0.052083
9 0.494531 0.542708 0.057813 0.052083
9 0.538281 0.619792 0.057813 0.052083
9 0.574219 0.701042 0.057813 0.052083
9 0.603906 0.782292 0.057813 0.052083
9 0.655469 0.869792 0.057813 0.052083
9 0.597656 0.911458 0.057813 0.052083
9 0.544531 0.959375 0.057813 0.052083
9 0.508594 0.873958 0.057813 0.052083
9 0.555469 0.830208 0.057813 0.052083
9 0.521094 0.746875 0.057813 0.052083
9 0.460156 0.805208 0.057813 0.052083
9 0.485156 0.667708 0.057813 0.052083
9 0.432031 0.709375 0.057813 0.052083
9 0.442969 0.596875 0.057813 0.052083
9 0.394531 0.636458 0.057813 0.052083
9 0.405469 0.517708 0.057813 0.052083
9 0.357031 0.555208 0.057813 0.052083
9 0.366406 0.438542 0.057813 0.052083
9 0.328906 0.482292 0.057813 0.052083
9 0.332031 0.376042 0.057813 0.052083
9 0.277344 0.394792 0.057813 0.052083
9 0.297656 0.276042 0.057813 0.052083
9 0.228906 0.315625 0.057813 0.052083
