7 0.088281 0.444792 0.060937 0.077083
7 0.133594 0.388542 0.060937 0.077083
7 0.157031 0.301042 0.060937 0.077083
7 0.199219 0.251042 0.060937 0.077083
7 0.247656 0.178125 0.060937 0.077083
7 0.289844 0.098958 0.060937 0.077083
7 0.330469 0.039583 0.060937 0.075000
7 0.448437 0.032292 0.043750 0.060417
7 0.412500 0.089583 0.043750 0.062500
7 0.368750 0.175000 0.043750 0.062500
7 0.312500 0.241667 0.043750 0.062500
7 0.267188 0.322917 0.043750 0.062500
7 0.229687 0.377083 0.043750 0.062500
7 0.192188 0.447917 0.043750 0.062500
7 0.150000 0.516667 0.043750 0.062500
7 0.204687 0.575000 0.043750 0.062500
7 0.246875 0.508333 0.043750 0.062500
7 0.278125 0.456250 0.043750 0.062500
7 0.323437 0.387500 0.043750 0.062500
7 0.378125 0.322917 0.043750 0.062500
7 0.418750 0.247917 0.043750 0.062500
7 0.462500 0.183333 0.043750 0.062500
7 0.517188 0.089583 0.043750 0.062500
7 0.567187 0.181250 0.043750 0.062500
7 0.521875 0.237500 0.043750 0.062500
7 0.476562 0.314583 0.043750 0.062500
7 0.423438 0.383333 0.043750 0.062500
7 0.382812 0.441667 0.043750 0.062500
7 0.343750 0.495833 0.043750 0.062500
7 0.304688 0.577083 0.043750 0.062500
7 0.260937 0.647917 0.043750 0.062500
7 0.323437 0.706250 0.043750 0.062500
7 0.354687 0.637500 0.043750 0.062500
7 0.401562 0.577083 0.043750 0.062500
7 0.440625 0.516667 0.043750 0.062500
7 0.489063 0.454167 0.043750 0.062500
7 0.531250 0.385417 0.043750 0.062500
7 0.582812 0.331250 0.043750 0.062500
7 0.631250 0.254167 0.043750 0.062500
7 0.689063 0.304167 0.043750 0.062500
7 0.637500 0.389583 0.043750 0.062500
7 0.590625 0.450000 0.043750 0.062500
7 0.539062 0.518750 0.043750 0.062500
7 0.496875 0.583333 0.043750 0.062500
7 0.457813 0.652083 0.043750 0.062500
7 0.418750 0.693750 0.043750 0.062500
7 0.376563 0.762500 0.043750 0.062500
7 0.546875 0.652083 0.043750 0.062500
7 0.428125 0.831250 0.043750 0.062500
7 0.467187 0.787500 0.043750 0.062500
7 0.506250 0.712500 0.043750 0.062500
7 0.606250 0.593750 0.043750 0.062500
7 0.650000 0.531250 0.043750 0.062500
7 0.693750 0.460417 0.043750 0.062500
7 0.748437 0.379167 0.043750 0.062500
7 0.814063 0.454167 0.043750 0.062500
7 0.759375 0.535417 0.043750 0.062500
7 0.710938 0.593750 0.043750 0.062500
7 0.660937 0.654167 0.043750 0.062500
7 0.609375 0.718750 0.043750 0.062500
7 0.570312 0.775000 0.043750 0.062500
7 0.517188 0.837500 0.043750 0.062500
7 0.481250 0.900000 0.043750 0.062500
7 0.528125 0.967708 0.043750 0.064583
7 0.582812 0.927083 0.043750 0.062500
7 0.618750 0.875000 0.043750 0.062500
7 0.623437 0.967708 0.043750 0.064583
7 0.684375 0.914583 0.043750 0.062500
7 0.668750 0.781250 0.043750 0.062500
7 0.725000 0.860417 0.043750 0.062500
7 0.764062 0.802083 0.043750 0.062500
7 0.707812 0.718750 0.043750 0.062500
7 0.760938 0.662500 0.043750 0.062500
7 0.828125 0.743750 0.043750 0.062500
7 0.870313 0.677083 0.043750 0.062500
7 0.825000 0.602083 0.043750 0.062500
7 0.873437 0.525000 0.043750 0.062500
