9 0.347656 0.128125 0.057813 0.097917
9 0.405469 0.126042 0.057813 0.097917
9 0.472656 0.128125 0.057813 0.097917
9 0.528906 0.117708 0.057813 0.097917
9 0.597656 0.119792 0.057813 0.097917
9 0.675781 0.119792 0.057813 0.097917
9 0.742969 0.115625 0.057813 0.097917
9 0.828906 0.128125 0.057813 0.097917
9 0.824219 0.209375 0.057813 0.097917
9 0.747656 0.226042 0.057813 0.097917
9 0.657031 0.230208 0.057813 0.097917
9 0.583594 0.236458 0.057813 0.097917
9 0.550781 0.232292 0.057813 0.097917
9 0.469531 0.232292 0.057813 0.097917
9 0.394531 0.211458 0.057813 0.097917
9 0.335156 0.232292 0.057813 0.097917
9 0.330469 0.309375 0.057813 0.097917
9 0.394531 0.315625 0.057813 0.097917
9 0.455469 0.326042 0.057813 0.097917
9 0.511719 0.328125 0.057813 0.097917
9 0.585156 0.326042 0.057813 0.097917
9 0.649219 0.332292 0.057813 0.097917
9 0.735156 0.342708 0.057813 0.097917
9 0.794531 0.334375 0.057813 0.097917
9 0.800781 0.444792 0.057813 0.097917
9 0.725781 0.442708 0.057813 0.097917
9 0.653906 0.436458 0.057813 0.097917
9 0.578906 0.428125 0.057813 0.097917
9 0.516406 0.426042 0.057813 0.097917
9 0.446094 0.426042 0.057813 0.097917
9 0.388281 0.407292 0.057813 0.097917
9 0.311719 0.398958 0.057813 0.097917
9 0.317969 0.501042 0.057813 0.097917
9 0.366406 0.498958 0.057813 0.097917
9 0.446094 0.523958 0.057813 0.097917
9 0.507031 0.526042 0.057813 0.097917
9 0.558594 0.526042 0.057813 0.097917
9 0.632031 0.534375 0.057813 0.097917
9 0.717969 0.542708 0.057813 0.097917
9 0.816406 0.571875 0.057813 0.097917
9 0.811719 0.661458 0.057813 0.097917
9 0.724219 0.653125 0.057813 0.097917
9 0.617969 0.632292 0.057813 0.097917
9 0.555469 0.613542 0.057813 0.097917
9 0.496094 0.628125 0.057813 0.097917
9 0.442969 0.613542 0.057813 0.097917
9 0.375781 0.601042 0.057813 0.097917
9 0.317969 0.601042 0.057813 0.097917
9 0.282031 0.707292 0.057813 0.097917
9 0.344531 0.715625 0.057813 0.097917
9 0.413281 0.719792 0.057813 0.097917
9 0.497656 0.728125 0.057813 0.097917
9 0.560156 0.734375 0.057813 0.097917
9 0.639844 0.742708 0.057813 0.097917
9 0.721094 0.769792 0.057813 0.097917
9 0.791406 0.778125 0.057813 0.097917
9 0.796094 0.928125 0.057813 0.097917
9 0.707031 0.892708 0.057813 0.097917
9 0.638281 0.896875 0.057813 0.097917
9 0.550781 0.840625 0.057813 0.097917
9 0.482031 0.846875 0.057813 0.097917
9 0.427344 0.830208 0.057813 0.097917
9 0.344531 0.823958 0.057813 0.097917
9 0.264844 0.807292 0.057813 0.097917
9 0.264844 0.923958 0.057813 0.097917
9 0.336719 0.932292 0.057813 0.097917
9 0.410156 0.950000 0.057813 0.100000
9 0.483594 0.950000 0.057813 0.100000
9 0.550781 0.950000 0.057813 0.100000
