7 0.276562 0.140625 0.046875 0.089583
7 0.329688 0.111458 0.046875 0.089583
7 0.375000 0.078125 0.046875 0.089583
7 0.432812 0.048958 0.046875 0.089583
7 0.457813 0.130208 0.046875 0.089583
7 0.406250 0.169792 0.046875 0.089583
7 0.348438 0.198958 0.046875 0.089583
7 0.300000 0.234375 0.046875 0.089583
7 0.323437 0.303125 0.046875 0.089583
7 0.368750 0.288542 0.046875 0.089583
7 0.439063 0.267708 0.046875 0.089583
7 0.489063 0.234375 0.046875 0.089583
7 0.545312 0.201042 0.046875 0.089583
7 0.604688 0.182292 0.046875 0.089583
7 0.676562 0.153125 0.046875 0.089583
7 0.751563 0.103125 0.046875 0.089583
7 0.776563 0.201042 0.046875 0.089583
7 0.795312 0.298958 0.046875 0.089583
7 0.812500 0.415625 0.046875 0.089583
7 0.843750 0.511458 0.046875 0.089583
7 0.885938 0.598958 0.046875 0.089583
7 0.900000 0.728125 0.046875 0.089583
7 0.912500 0.838542 0.046875 0.089583
7 0.834375 0.857292 0.046875 0.089583
7 0.821875 0.736458 0.046875 0.089583
7 0.796875 0.646875 0.046875 0.089583
7 0.773438 0.546875 0.046875 0.089583
7 0.746875 0.457292 0.046875 0.089583
7 0.721875 0.336458 0.046875 0.089583
7 0.706250 0.246875 0.046875 0.089583
7 0.637500 0.273958 0.046875 0.089583
7 0.656250 0.371875 0.046875 0.089583
7 0.668750 0.482292 0.046875 0.089583
7 0.701562 0.559375 0.046875 0.089583
7 0.737500 0.665625 0.046875 0.089583
7 0.750000 0.757292 0.046875 0.089583
7 0.770312 0.853125 0.046875 0.089583
7 0.695312 0.867708 0.046875 0.089583
7 0.681250 0.757292 0.046875 0.089583
7 0.657031 0.680208 0.035937 0.072917
7 0.640625 0.596875 0.037500 0.068750
7 0.615625 0.507292 0.037500 0.068750
7 0.592187 0.403125 0.037500 0.068750
7 0.567187 0.292708 0.037500 0.068750
7 0.509375 0.332292 0.037500 0.068750
7 0.529687 0.432292 0.037500 0.068750
7 0.542188 0.507292 0.037500 0.068750
7 0.571875 0.609375 0.043750 0.072917
7 0.600000 0.694792 0.043750 0.072917
7 0.609375 0.790625 0.043750 0.072917
7 0.632812 0.884375 0.043750 0.072917
7 0.582812 0.896875 0.043750 0.072917
7 0.564063 0.805208 0.043750 0.072917
7 0.543750 0.726042 0.043750 0.072917
7 0.518750 0.632292 0.043750 0.072917
7 0.493750 0.540625 0.043750 0.072917
7 0.471875 0.451042 0.043750 0.072917
7 0.453125 0.355208 0.043750 0.072917
7 0.398438 0.363542 0.043750 0.072917
7 0.340625 0.409375 0.043750 0.072917
7 0.370312 0.503125 0.043750 0.072917
7 0.417187 0.471875 0.043750 0.072917
7 0.437500 0.561458 0.043750 0.072917
7 0.384375 0.576042 0.043750 0.072917
7 0.406250 0.651042 0.043750 0.072917
7 0.460938 0.648958 0.043750 0.072917
7 0.481250 0.734375 0.043750 0.072917
7 0.429688 0.748958 0.043750 0.072917
7 0.448437 0.836458 0.043750 0.072917
7 0.504687 0.819792 0.043750 0.072917
7 0.520312 0.892708 0.043750 0.072917
7 0.454688 0.921875 0.043750 0.072917
7 0.518750 0.098958 0.046875 0.089583
7 0.592187 0.061458 0.046875 0.089583
7 0.659375 0.045833 0.046875 0.087500
