0 0.156250 0.226042 0.053125 0.068750
0 0.218750 0.198958 0.053125 0.068750
0 0.176563 0.317708 0.053125 0.068750
0 0.237500 0.288542 0.053125 0.068750
0 0.192188 0.409375 0.053125 0.068750
0 0.275000 0.378125 0.053125 0.068750
0 0.293750 0.471875 0.053125 0.068750
0 0.220312 0.496875 0.053125 0.068750
0 0.229687 0.580208 0.053125 0.068750
0 0.309375 0.557292 0.053125 0.068750
0 0.323437 0.648958 0.053125 0.068750
0 0.250000 0.678125 0.053125 0.068750
0 0.267188 0.786458 0.053125 0.068750
0 0.346875 0.763542 0.053125 0.068750
0 0.284375 0.873958 0.053125 0.068750
0 0.370312 0.836458 0.053125 0.068750
0 0.457813 0.823958 0.053125 0.068750
0 0.535937 0.786458 0.053125 0.068750
0 0.517188 0.682292 0.053125 0.068750
0 0.437500 0.709375 0.053125 0.068750
0 0.414062 0.619792 0.053125 0.068750
0 0.490625 0.588542 0.053125 0.068750
0 0.470313 0.490625 0.053125 0.068750
0 0.392188 0.530208 0.053125 0.068750
0 0.371875 0.438542 0.053125 0.068750
0 0.434375 0.309375 0.053125 0.068750
0 0.442188 0.390625 0.053125 0.068750
0 0.348438 0.336458 0.053125 0.068750
0 0.325000 0.244792 0.053125 0.068750
0 0.401562 0.211458 0.053125 0.068750
0 0.381250 0.113542 0.053125 0.068750
0 0.301563 0.155208 0.053125 0.068750
0 0.621875 0.748958 0.053125 0.068750
0 0.590625 0.653125 0.053125 0.068750
0 0.560937 0.553125 0.053125 0.068750
0 0.546875 0.455208 0.053125 0.068750
0 0.523438 0.348958 0.053125 0.068750
0 0.501563 0.267708 0.053125 0.068750
0 0.481250 0.176042 0.053125 0.068750
0 0.457813 0.086458 0.053125 0.068750
0 0.539062 0.046875 0.053125 0.068750
0 0.550000 0.134375 0.053125 0.068750
0 0.618750 0.322917 0.065625 0.087500
0 0.585938 0.229167 0.062500 0.075000
0 0.631250 0.418750 0.065625 0.087500
0 0.651563 0.504167 0.065625 0.087500
0 0.670312 0.602083 0.065625 0.087500
0 0.704688 0.706250 0.065625 0.087500
0 0.800000 0.683333 0.065625 0.087500
0 0.767188 0.581250 0.065625 0.087500
0 0.740625 0.487500 0.065625 0.087500
0 0.717187 0.385417 0.065625 0.087500
0 0.693750 0.291667 0.065625 0.087500
0 0.664062 0.187500 0.065625 0.087500
0 0.635938 0.095833 0.065625 0.087500
0 0.720313 0.050000 0.065625 0.087500
0 0.746875 0.143750 0.065625 0.087500
0 0.773438 0.237500 0.065625 0.087500
0 0.796875 0.325000 0.065625 0.087500
0 0.818750 0.450000 0.065625 0.087500
0 0.857812 0.531250 0.065625 0.087500
0 0.892188 0.652083 0.065625 0.087500
0 0.967187 0.595833 0.065625 0.087500
0 0.953125 0.491667 0.065625 0.087500
0 0.929688 0.395833 0.065625 0.087500
0 0.887500 0.289583 0.065625 0.087500
0 0.867188 0.204167 0.065625 0.087500
0 0.832812 0.104167 0.065625 0.087500
0 0.926562 0.054167 0.065625 0.087500
0 0.953125 0.150000 0.065625 0.087500
