5 0.400000 0.085417 0.037500 0.095833
5 0.453125 0.048958 0.037500 0.093750
5 0.514062 0.048958 0.037500 0.093750
5 0.582812 0.042708 0.043750 0.081250
5 0.403125 0.177083 0.043750 0.083333
5 0.459375 0.150000 0.043750 0.083333
5 0.531250 0.135417 0.043750 0.083333
5 0.589063 0.116667 0.043750 0.083333
5 0.664062 0.106250 0.043750 0.083333
5 0.732812 0.079167 0.043750 0.083333
5 0.812500 0.058333 0.043750 0.083333
5 0.892188 0.042708 0.043750 0.081250
5 0.906250 0.147917 0.043750 0.083333
5 0.835938 0.166667 0.043750 0.083333
5 0.756250 0.185417 0.043750 0.083333
5 0.676562 0.202083 0.043750 0.083333
5 0.595313 0.220833 0.043750 0.083333
5 0.540625 0.235417 0.043750 0.083333
5 0.484375 0.256250 0.043750 0.083333
5 0.414062 0.277083 0.043750 0.083333
5 0.425000 0.364583 0.043750 0.083333
5 0.478125 0.345833 0.043750 0.083333
5 0.550000 0.345833 0.043750 0.083333
5 0.607812 0.318750 0.043750 0.083333
5 0.681250 0.312500 0.043750 0.083333
5 0.757812 0.289583 0.043750 0.083333
5 0.834375 0.281250 0.043750 0.083333
5 0.907813 0.252083 0.043750 0.083333
5 0.929688 0.370833 0.043750 0.083333
5 0.840625 0.387500 0.043750 0.083333
5 0.773438 0.393750 0.043750 0.083333
5 0.692187 0.408333 0.043750 0.083333
5 0.620313 0.420833 0.043750 0.083333
5 0.554688 0.425000 0.043750 0.083333
5 0.498437 0.445833 0.043750 0.083333
5 0.440625 0.462500 0.043750 0.083333
5 0.456250 0.547917 0.043750 0.083333
5 0.498437 0.550000 0.043750 0.083333
5 0.560937 0.529167 0.043750 0.083333
5 0.625000 0.525000 0.043750 0.083333
5 0.704688 0.518750 0.043750 0.083333
5 0.765625 0.500000 0.043750 0.083333
5 0.848437 0.497917 0.043750 0.083333
5 0.928125 0.477083 0.043750 0.083333
5 0.856250 0.602083 0.050000 0.083333
5 0.942969 0.584375 0.039062 0.089583
5 0.775000 0.614583 0.050000 0.083333
5 0.704688 0.612500 0.050000 0.083333
5 0.640625 0.612500 0.050000 0.083333
5 0.578125 0.622917 0.050000 0.083333
5 0.512500 0.631250 0.050000 0.083333
5 0.453125 0.650000 0.050000 0.083333
5 0.462500 0.747917 0.050000 0.083333
5 0.514062 0.743750 0.050000 0.083333
5 0.579688 0.727083 0.050000 0.083333
5 0.637500 0.718750 0.050000 0.083333
5 0.715625 0.718750 0.050000 0.083333
5 0.790625 0.708333 0.046875 0.083333
5 0.870313 0.710417 0.046875 0.083333
5 0.951562 0.706250 0.046875 0.083333
5 0.970313 0.804167 0.046875 0.083333
5 0.881250 0.820833 0.046875 0.083333
5 0.967187 0.931250 0.046875 0.083333
5 0.903125 0.927083 0.046875 0.083333
5 0.821875 0.941667 0.053125 0.083333
5 0.809375 0.818750 0.053125 0.083333
5 0.723437 0.820833 0.053125 0.083333
5 0.737500 0.933333 0.053125 0.083333
5 0.673438 0.914583 0.053125 0.083333
5 0.657813 0.818750 0.053125 0.083333
5 0.595313 0.831250 0.053125 0.083333
5 0.595313 0.922917 0.053125 0.083333
5 0.532813 0.933333 0.053125 0.083333
5 0.528125 0.837500 0.053125 0.083333
5 0.476562 0.931250 0.053125 0.083333
5 0.459375 0.839583 0.053125 0.083333
