8 0.119531 0.407292 0.076563 0.077083
8 0.197656 0.363542 0.076563 0.077083
8 0.258594 0.319792 0.076563 0.077083
8 0.324219 0.280208 0.076563 0.077083
8 0.403906 0.232292 0.076563 0.077083
8 0.475781 0.194792 0.076563 0.077083
8 0.560937 0.136458 0.059375 0.064583
8 0.640625 0.090625 0.059375 0.064583
8 0.717187 0.046875 0.059375 0.064583
8 0.815625 0.084375 0.059375 0.064583
8 0.729688 0.132292 0.059375 0.064583
8 0.656250 0.180208 0.059375 0.064583
8 0.596875 0.228125 0.059375 0.064583
8 0.510938 0.280208 0.059375 0.064583
8 0.435937 0.309375 0.059375 0.064583
8 0.362500 0.369792 0.059375 0.064583
8 0.296875 0.405208 0.059375 0.064583
8 0.228125 0.442708 0.059375 0.064583
8 0.156250 0.494792 0.059375 0.064583
8 0.178125 0.571875 0.059375 0.064583
8 0.213281 0.655208 0.073438 0.060417
8 0.249219 0.742708 0.073438 0.060417
8 0.267969 0.826042 0.073438 0.060417
8 0.300781 0.903125 0.073438 0.060417
8 0.410156 0.948958 0.073438 0.060417
8 0.374219 0.867708 0.064062 0.056250
8 0.346094 0.782292 0.064062 0.056250
8 0.310156 0.701042 0.064062 0.056250
8 0.283594 0.623958 0.064062 0.056250
8 0.250781 0.528125 0.064062 0.056250
8 0.332031 0.486458 0.064062 0.056250
8 0.360156 0.569792 0.064062 0.056250
8 0.380469 0.661458 0.064062 0.056250
8 0.410156 0.734375 0.064062 0.056250
8 0.442188 0.829167 0.062500 0.062500
8 0.469531 0.907292 0.064062 0.056250
8 0.546094 0.869792 0.064062 0.056250
8 0.516406 0.778125 0.064062 0.056250
8 0.485156 0.705208 0.064062 0.056250
8 0.455469 0.603125 0.064062 0.056250
8 0.428906 0.530208 0.064062 0.056250
8 0.402344 0.451042 0.064062 0.056250
8 0.472656 0.407292 0.064062 0.056250
8 0.500000 0.492708 0.062500 0.056250
8 0.527344 0.561458 0.054688 0.043750
8 0.550781 0.646875 0.054688 0.043750
8 0.582031 0.736458 0.054688 0.043750
8 0.623437 0.835417 0.068750 0.075000
8 0.684375 0.789583 0.068750 0.075000
8 0.665625 0.702083 0.068750 0.075000
8 0.623437 0.622917 0.068750 0.075000
8 0.593750 0.527083 0.068750 0.075000
8 0.565625 0.454167 0.068750 0.075000
8 0.540625 0.370833 0.068750 0.075000
8 0.612500 0.318750 0.068750 0.075000
8 0.642188 0.402083 0.068750 0.075000
8 0.671875 0.485417 0.068750 0.075000
8 0.693750 0.572917 0.068750 0.075000
8 0.725000 0.664583 0.068750 0.075000
8 0.751563 0.733333 0.068750 0.075000
8 0.835938 0.720833 0.068750 0.075000
8 0.806250 0.614583 0.068750 0.075000
8 0.775781 0.523958 0.060937 0.056250
8 0.741406 0.444792 0.060937 0.056250
8 0.710156 0.361458 0.060937 0.056250
8 0.683594 0.271875 0.060937 0.056250
8 0.757031 0.228125 0.060937 0.056250
8 0.788281 0.319792 0.060937 0.056250
8 0.825781 0.401042 0.064062 0.068750
8 0.841406 0.484375 0.064062 0.068750
8 0.871094 0.563542 0.064062 0.068750
8 0.897656 0.659375 0.064062 0.068750
8 0.967187 0.607292 0.065625 0.068750
8 0.946875 0.513542 0.065625 0.068750
8 0.928125 0.446875 0.065625 0.068750
8 0.893750 0.367708 0.065625 0.068750
8 0.857812 0.261458 0.065625 0.068750
8 0.835938 0.165625 0.065625 0.068750
