0 0.180469 0.591667 0.051562 0.070833
0 0.236719 0.533333 0.051562 0.070833
0 0.291406 0.470833 0.051562 0.070833
0 0.349219 0.404167 0.051562 0.070833
0 0.407031 0.341667 0.051562 0.070833
0 0.458594 0.275000 0.051562 0.070833
0 0.514844 0.208333 0.051562 0.070833
0 0.572656 0.150000 0.051562 0.070833
0 0.622656 0.093750 0.051562 0.070833
0 0.678906 0.036458 0.051562 0.068750
0 0.735156 0.070833 0.051562 0.070833
0 0.674219 0.139583 0.051562 0.070833
0 0.616406 0.202083 0.051562 0.070833
0 0.560156 0.270833 0.051562 0.070833
0 0.500781 0.329167 0.051562 0.070833
0 0.439844 0.402083 0.051562 0.070833
0 0.389844 0.464583 0.051562 0.070833
0 0.332031 0.535417 0.051562 0.070833
0 0.278906 0.587500 0.051562 0.070833
0 0.207031 0.658333 0.051562 0.070833
0 0.242969 0.737500 0.051562 0.070833
0 0.300781 0.670833 0.051562 0.070833
0 0.364844 0.604167 0.051562 0.070833
0 0.421094 0.529167 0.051562 0.070833
0 0.482031 0.458333 0.051562 0.070833
0 0.546094 0.395833 0.051562 0.070833
0 0.600781 0.325000 0.051562 0.070833
0 0.657031 0.262500 0.051562 0.070833
0 0.710156 0.202083 0.051562 0.070833
0 0.772656 0.129167 0.051562 0.070833
0 0.825781 0.183333 0.051562 0.070833
0 0.763281 0.254167 0.051562 0.070833
0 0.710156 0.325000 0.051562 0.070833
0 0.753906 0.391667 0.051562 0.070833
0 0.813281 0.327083 0.051562 0.070833
0 0.874219 0.252083 0.051562 0.070833
0 0.938281 0.322917 0.051562 0.070833
0 0.871094 0.379167 0.051562 0.070833
0 0.925781 0.443750 0.051562 0.070833
0 0.922656 0.612500 0.051562 0.070833
0 0.863281 0.527083 0.051562 0.070833
0 0.810156 0.464583 0.051562 0.070833
0 0.855469 0.677083 0.051562 0.070833
0 0.799219 0.616667 0.051562 0.070833
0 0.746094 0.547917 0.051562 0.070833
0 0.692969 0.468750 0.051562 0.070833
0 0.644531 0.395833 0.051562 0.070833
0 0.586719 0.460417 0.051562 0.070833
0 0.628906 0.539583 0.051562 0.070833
0 0.674219 0.604167 0.051562 0.070833
0 0.727344 0.679167 0.051562 0.070833
0 0.788281 0.758333 0.051562 0.070833
0 0.727344 0.827083 0.051562 0.070833
0 0.669531 0.756250 0.051562 0.070833
0 0.616406 0.679167 0.051562 0.070833
0 0.572656 0.591667 0.051562 0.070833
0 0.536719 0.512500 0.051562 0.070833
0 0.460156 0.593750 0.051562 0.070833
0 0.508594 0.664583 0.051562 0.070833
0 0.558594 0.741667 0.051562 0.070833
0 0.599219 0.822917 0.051562 0.070833
0 0.650781 0.912500 0.051562 0.070833
0 0.586719 0.964583 0.051562 0.070833
0 0.546094 0.885417 0.051562 0.070833
0 0.505469 0.825000 0.051562 0.070833
0 0.452344 0.735417 0.051562 0.070833
0 0.410156 0.664583 0.051562 0.070833
0 0.353906 0.725000 0.051562 0.070833
0 0.392969 0.808333 0.051562 0.070833
0 0.428906 0.889583 0.051562 0.070833
0 0.474219 0.964583 0.051562 0.070833
0 0.372656 0.964583 0.051562 0.070833
0 0.328906 0.881250 0.051562 0.070833
0 0.297656 0.808333 0.051562 0.070833
