6 0.800781 0.060417 0.064062 0.066667
6 0.835156 0.135417 0.064062 0.066667
6 0.869531 0.204167 0.064062 0.066667
6 0.900781 0.293750 0.064062 0.066667
6 0.928906 0.360417 0.064062 0.066667
6 0.967969 0.447917 0.064062 0.066667
6 0.892969 0.508333 0.064062 0.066667
6 0.930469 0.579167 0.064062 0.066667
6 0.967969 0.675000 0.064062 0.066667
6 0.727344 0.800000 0.064062 0.066667
6 0.878906 0.718750 0.064062 0.066667
6 0.811719 0.745833 0.064062 0.066667
6 0.661719 0.847917 0.064062 0.066667
6 0.585156 0.885417 0.064062 0.066667
6 0.541406 0.766667 0.064062 0.066667
6 0.616406 0.754167 0.064062 0.066667
6 0.688281 0.712500 0.064062 0.066667
6 0.769531 0.662500 0.064062 0.066667
6 0.861719 0.631250 0.064062 0.066667
6 0.814844 0.533333 0.064062 0.066667
6 0.871094 0.416667 0.064062 0.066667
6 0.777344 0.445833 0.064062 0.066667
6 0.755469 0.375000 0.064062 0.066667
6 0.828906 0.329167 0.064062 0.066667
6 0.802344 0.254167 0.064062 0.066667
6 0.724219 0.293750 0.064062 0.066667
6 0.675781 0.140625 0.070312 0.085417
6 0.697656 0.227083 0.064062 0.066667
6 0.764844 0.185417 0.064062 0.066667
6 0.742969 0.106250 0.064062 0.066667
6 0.597656 0.185417 0.064062 0.066667
6 0.622656 0.260417 0.064062 0.066667
6 0.646094 0.327083 0.064062 0.066667
6 0.677344 0.410417 0.064062 0.066667
6 0.702344 0.493750 0.064062 0.066667
6 0.738281 0.581250 0.064062 0.066667
6 0.674219 0.606250 0.064062 0.066667
6 0.603906 0.654167 0.064062 0.066667
6 0.517969 0.702083 0.064062 0.066667
6 0.497656 0.612500 0.064062 0.066667
6 0.574219 0.572917 0.064062 0.066667
6 0.644531 0.537500 0.064062 0.066667
6 0.607031 0.456250 0.064062 0.066667
6 0.536719 0.489583 0.064062 0.066667
6 0.475781 0.514583 0.064062 0.066667
6 0.449219 0.464583 0.064062 0.066667
6 0.513281 0.412500 0.064062 0.066667
6 0.589844 0.377083 0.064062 0.066667
6 0.567969 0.302083 0.064062 0.066667
6 0.503906 0.347917 0.064062 0.066667
6 0.425781 0.370833 0.064062 0.066667
6 0.410156 0.310417 0.064062 0.066667
6 0.471094 0.275000 0.064062 0.066667
6 0.532031 0.231250 0.064062 0.066667
6 0.349219 0.341667 0.064062 0.066667
6 0.283594 0.377083 0.064062 0.066667
6 0.219531 0.397917 0.064062 0.066667
6 0.217969 0.485417 0.064062 0.066667
6 0.299219 0.450000 0.064062 0.066667
6 0.369531 0.410417 0.064062 0.066667
6 0.396094 0.479167 0.064062 0.066667
6 0.332031 0.510417 0.064062 0.066667
6 0.253906 0.556250 0.064062 0.066667
6 0.261719 0.641667 0.064062 0.066667
6 0.325781 0.587500 0.064062 0.066667
6 0.411719 0.554167 0.064062 0.066667
6 0.424219 0.643750 0.064062 0.066667
6 0.367969 0.668750 0.064062 0.066667
6 0.441406 0.720833 0.064062 0.066667
6 0.474219 0.820833 0.064062 0.066667
6 0.496094 0.916667 0.064062 0.066667
