5 0.935156 0.342708 0.064062 0.089583
5 0.924219 0.421875 0.064062 0.089583
5 0.913281 0.501042 0.064062 0.089583
5 0.910156 0.586458 0.064062 0.089583
5 0.903906 0.684375 0.064062 0.089583
5 0.897656 0.773958 0.064062 0.089583
5 0.883594 0.855208 0.064062 0.089583
5 0.882031 0.953125 0.064062 0.089583
5 0.803906 0.953125 0.064062 0.089583
5 0.799219 0.853125 0.064062 0.089583
5 0.808594 0.773958 0.064062 0.089583
5 0.825781 0.690625 0.064062 0.089583
5 0.833594 0.590625 0.064062 0.089583
5 0.841406 0.501042 0.064062 0.089583
5 0.849219 0.413542 0.064062 0.089583
5 0.853906 0.326042 0.064062 0.089583
5 0.775781 0.319792 0.064062 0.089583
5 0.769531 0.401042 0.064062 0.089583
5 0.760156 0.488542 0.064062 0.089583
5 0.753906 0.565625 0.064062 0.089583
5 0.744531 0.665625 0.064062 0.089583
5 0.741406 0.717708 0.064062 0.089583
5 0.725781 0.826042 0.064062 0.089583
5 0.714844 0.930208 0.064062 0.089583
5 0.636719 0.921875 0.064062 0.089583
5 0.650781 0.813542 0.064062 0.089583
5 0.661719 0.723958 0.064062 0.089583
5 0.671094 0.638542 0.064062 0.089583
5 0.677344 0.559375 0.064062 0.089583
5 0.691406 0.484375 0.064062 0.089583
5 0.699219 0.392708 0.064062 0.089583
5 0.710156 0.317708 0.064062 0.089583
5 0.625781 0.294792 0.064062 0.089583
5 0.622656 0.378125 0.064062 0.089583
5 0.614844 0.446875 0.064062 0.089583
5 0.602344 0.534375 0.064062 0.089583
5 0.594531 0.611458 0.064062 0.089583
5 0.583594 0.709375 0.064062 0.089583
5 0.583594 0.776042 0.064062 0.089583
5 0.560156 0.886458 0.064062 0.089583
5 0.497656 0.871875 0.064062 0.089583
5 0.425781 0.846875 0.064062 0.089583
5 0.357031 0.834375 0.064062 0.089583
5 0.355469 0.734375 0.064062 0.089583
5 0.425781 0.767708 0.064062 0.089583
5 0.507031 0.782292 0.064062 0.089583
5 0.521094 0.694792 0.064062 0.089583
5 0.435156 0.663542 0.064062 0.089583
5 0.371094 0.640625 0.064062 0.089583
5 0.383594 0.576042 0.064062 0.089583
5 0.453906 0.580208 0.064062 0.089583
5 0.521094 0.619792 0.064062 0.089583
5 0.533594 0.530208 0.064062 0.089583
5 0.549219 0.446875 0.064062 0.089583
5 0.549219 0.367708 0.064062 0.089583
5 0.560156 0.284375 0.064062 0.089583
5 0.496094 0.263542 0.064062 0.089583
5 0.478906 0.332292 0.064062 0.089583
5 0.475781 0.417708 0.064062 0.089583
5 0.469531 0.507292 0.064062 0.089583
5 0.400781 0.480208 0.064062 0.089583
5 0.416406 0.409375 0.064062 0.089583
5 0.427344 0.326042 0.064062 0.089583
5 0.438281 0.244792 0.064062 0.089583
5 0.363281 0.230208 0.064062 0.089583
5 0.353906 0.317708 0.064062 0.089583
5 0.342969 0.400000 0.057813 0.070833
5 0.325781 0.475000 0.067187 0.087500
5 0.319531 0.558333 0.067187 0.087500
5 0.307031 0.622917 0.067187 0.087500
5 0.299219 0.722917 0.067187 0.087500
5 0.232031 0.629167 0.067187 0.087500
5 0.208594 0.706250 0.067187 0.087500
5 0.178906 0.804167 0.067187 0.087500
5 0.277344 0.831250 0.067187 0.087500
5 0.238281 0.547917 0.067187 0.087500
5 0.249219 0.454167 0.067187 0.087500
5 0.274219 0.389583 0.067187 0.087500
5 0.286719 0.312500 0.067187 0.087500
5 0.285156 0.216667 0.067187 0.087500
