0 0.229687 0.786458 0.059375 0.085417
0 0.289844 0.811458 0.054688 0.085417
0 0.341406 0.855208 0.054688 0.085417
0 0.405469 0.880208 0.054688 0.085417
0 0.467969 0.936458 0.054688 0.085417
0 0.536719 0.957292 0.054688 0.085417
0 0.711719 0.938542 0.054688 0.085417
0 0.644531 0.911458 0.054688 0.085417
0 0.577344 0.878125 0.054688 0.085417
0 0.513281 0.838542 0.054688 0.085417
0 0.442969 0.794792 0.054688 0.085417
0 0.382031 0.759375 0.054688 0.085417
0 0.317969 0.736458 0.054688 0.085417
0 0.255469 0.696875 0.054688 0.085417
0 0.283594 0.603125 0.054688 0.085417
0 0.330469 0.630208 0.054688 0.085417
0 0.400781 0.657292 0.054688 0.085417
0 0.457031 0.692708 0.054688 0.085417
0 0.524219 0.721875 0.054688 0.085417
0 0.588281 0.757292 0.054688 0.085417
0 0.661719 0.801042 0.054688 0.085417
0 0.727344 0.840625 0.054688 0.085417
0 0.764844 0.740625 0.054688 0.085417
0 0.688281 0.698958 0.054688 0.085417
0 0.617969 0.659375 0.054688 0.085417
0 0.557031 0.626042 0.054688 0.085417
0 0.499219 0.598958 0.054688 0.085417
0 0.442969 0.567708 0.054688 0.085417
0 0.378906 0.548958 0.054688 0.085417
0 0.308594 0.509375 0.054688 0.085417
0 0.333594 0.413542 0.054688 0.085417
0 0.396094 0.448958 0.054688 0.085417
0 0.463281 0.480208 0.054688 0.085417
0 0.516406 0.501042 0.054688 0.085417
0 0.580469 0.534375 0.054688 0.085417
0 0.647656 0.573958 0.054688 0.085417
0 0.710156 0.605208 0.054688 0.085417
0 0.791406 0.628125 0.054688 0.085417
0 0.825781 0.517708 0.054688 0.085417
0 0.755469 0.498958 0.054688 0.085417
0 0.675781 0.469792 0.054688 0.085417
0 0.599219 0.428125 0.054688 0.085417
0 0.547656 0.403125 0.054688 0.085417
0 0.480469 0.388542 0.054688 0.085417
0 0.422656 0.353125 0.054688 0.085417
0 0.361719 0.319792 0.054688 0.085417
0 0.385156 0.226042 0.054688 0.085417
0 0.442969 0.253125 0.054688 0.085417
0 0.408594 0.142708 0.054688 0.085417
0 0.435156 0.048958 0.054688 0.085417
0 0.494531 0.059375 0.054688 0.085417
0 0.472656 0.146875 0.054688 0.085417
0 0.503906 0.269792 0.054688 0.085417
0 0.535156 0.180208 0.054688 0.085417
0 0.553906 0.090625 0.054688 0.085417
0 0.619531 0.103125 0.054688 0.085417
0 0.600781 0.211458 0.054688 0.085417
0 0.569531 0.296875 0.054688 0.085417
0 0.633594 0.338542 0.054688 0.085417
0 0.658594 0.230208 0.054688 0.085417
0 0.683594 0.142708 0.054688 0.085417
0 0.719531 0.044792 0.054688 0.085417
0 0.796094 0.057292 0.054688 0.085417
0 0.758594 0.153125 0.054688 0.085417
0 0.732031 0.257292 0.054688 0.085417
0 0.707031 0.359375 0.054688 0.085417
0 0.778906 0.401042 0.054688 0.085417
0 0.855469 0.413542 0.054688 0.085417
0 0.877344 0.311458 0.054688 0.085417
0 0.794531 0.284375 0.054688 0.085417
0 0.836719 0.190625 0.054688 0.085417
0 0.910156 0.201042 0.054688 0.085417
0 0.946094 0.107292 0.054688 0.085417
0 0.863281 0.067708 0.054688 0.085417
