4 0.142187 0.793750 0.053125 0.066667
4 0.212500 0.775000 0.053125 0.066667
4 0.276562 0.760417 0.053125 0.066667
4 0.354687 0.752083 0.053125 0.066667
4 0.128125 0.712500 0.053125 0.066667
4 0.107813 0.612500 0.053125 0.066667
4 0.092188 0.539583 0.053125 0.066667
4 0.067187 0.458333 0.053125 0.066667
4 0.048438 0.358333 0.053125 0.066667
4 0.029687 0.277083 0.053125 0.066667
4 0.201563 0.693750 0.053125 0.066667
4 0.185938 0.618750 0.053125 0.066667
4 0.171875 0.535417 0.053125 0.066667
4 0.156250 0.454167 0.053125 0.066667
4 0.132812 0.354167 0.053125 0.066667
4 0.112500 0.268750 0.053125 0.066667
4 0.092188 0.156250 0.053125 0.066667
4 0.275000 0.681250 0.053125 0.066667
4 0.259375 0.600000 0.053125 0.066667
4 0.248438 0.525000 0.053125 0.066667
4 0.234375 0.445833 0.053125 0.066667
4 0.217188 0.347917 0.053125 0.066667
4 0.190625 0.247917 0.053125 0.066667
4 0.168750 0.137500 0.053125 0.066667
4 0.350000 0.658333 0.053125 0.066667
4 0.339062 0.577083 0.053125 0.066667
4 0.329688 0.504167 0.053125 0.066667
4 0.304688 0.406250 0.053125 0.066667
4 0.292187 0.327083 0.053125 0.066667
4 0.285938 0.235417 0.053125 0.066667
4 0.260937 0.122917 0.053125 0.066667
4 0.431250 0.743750 0.053125 0.066667
4 0.423438 0.658333 0.053125 0.066667
4 0.409375 0.581250 0.053125 0.066667
4 0.401562 0.493750 0.053125 0.066667
4 0.390625 0.402083 0.053125 0.066667
4 0.375000 0.308333 0.053125 0.066667
4 0.356250 0.204167 0.053125 0.066667
4 0.440625 0.195833 0.053125 0.066667
4 0.510938 0.716667 0.053125 0.066667
4 0.498437 0.639583 0.053125 0.066667
4 0.481250 0.554167 0.053125 0.066667
4 0.473438 0.472917 0.053125 0.066667
4 0.462500 0.397917 0.053125 0.066667
4 0.451562 0.291667 0.053125 0.066667
4 0.423438 0.093750 0.053125 0.066667
4 0.339062 0.104167 0.053125 0.066667
4 0.504687 0.075000 0.053125 0.066667
4 0.601562 0.047917 0.053125 0.066667
4 0.690625 0.034375 0.053125 0.064583
4 0.775000 0.034375 0.053125 0.064583
4 0.795312 0.116667 0.053125 0.066667
4 0.698438 0.141667 0.053125 0.066667
4 0.604688 0.164583 0.053125 0.066667
4 0.528125 0.180208 0.065625 0.072917
4 0.528125 0.282292 0.065625 0.072917
4 0.617188 0.259375 0.065625 0.072917
4 0.709375 0.242708 0.065625 0.072917
4 0.787500 0.232292 0.065625 0.072917
4 0.796875 0.321875 0.065625 0.072917
4 0.710938 0.344792 0.065625 0.072917
4 0.631250 0.340625 0.065625 0.072917
4 0.545312 0.369792 0.065625 0.072917
4 0.550000 0.468750 0.056250 0.075000
4 0.637500 0.440625 0.065625 0.072917
4 0.715625 0.434375 0.065625 0.072917
4 0.785937 0.419792 0.065625 0.072917
4 0.790625 0.503125 0.065625 0.072917
4 0.717187 0.521875 0.065625 0.072917
4 0.634375 0.528125 0.065625 0.072917
4 0.560156 0.546875 0.085938 0.060417
4 0.567969 0.625000 0.082812 0.062500
4 0.647656 0.618750 0.082812 0.062500
4 0.714844 0.616667 0.082812 0.062500
4 0.794531 0.600000 0.082812 0.062500
4 0.805469 0.679167 0.082812 0.062500
4 0.723437 0.676042 0.078125 0.060417
4 0.653125 0.696875 0.078125 0.060417
4 0.573438 0.698958 0.078125 0.060417
