6 0.910156 0.672917 0.057813 0.083333
6 0.885156 0.606250 0.057813 0.083333
6 0.833594 0.497917 0.057813 0.083333
6 0.808594 0.418750 0.057813 0.083333
6 0.775781 0.339583 0.057813 0.083333
6 0.739844 0.241667 0.057813 0.083333
6 0.696094 0.135417 0.057813 0.083333
6 0.666406 0.068750 0.057813 0.083333
6 0.611719 0.089583 0.057813 0.083333
6 0.517969 0.042708 0.057813 0.081250
6 0.544531 0.143750 0.057813 0.083333
6 0.574219 0.231250 0.057813 0.083333
6 0.630469 0.166667 0.057813 0.083333
6 0.603906 0.312500 0.057813 0.083333
6 0.672656 0.277083 0.057813 0.083333
6 0.699219 0.372917 0.057813 0.083333
6 0.652344 0.393750 0.057813 0.083333
6 0.678906 0.483333 0.057813 0.083333
6 0.738281 0.425000 0.057813 0.083333
6 0.774219 0.543750 0.057813 0.083333
6 0.813281 0.627083 0.057813 0.083333
6 0.853906 0.712500 0.067187 0.100000
6 0.796094 0.766667 0.067187 0.100000
6 0.764844 0.689583 0.067187 0.100000
6 0.716406 0.581250 0.067187 0.100000
6 0.663281 0.622917 0.057813 0.087500
6 0.683594 0.695833 0.057813 0.087500
6 0.724219 0.797917 0.057813 0.087500
6 0.680469 0.847917 0.057813 0.087500
6 0.611719 0.875000 0.057813 0.087500
6 0.561719 0.920833 0.057813 0.087500
6 0.497656 0.959375 0.060937 0.081250
6 0.460156 0.893750 0.057813 0.087500
6 0.513281 0.835417 0.057813 0.087500
6 0.566406 0.800000 0.057813 0.087500
6 0.641406 0.766667 0.057813 0.087500
6 0.600781 0.677083 0.057813 0.087500
6 0.553906 0.704167 0.057813 0.087500
6 0.489844 0.743750 0.057813 0.087500
6 0.428906 0.797917 0.057813 0.087500
6 0.388281 0.710417 0.057813 0.087500
6 0.436719 0.670833 0.057813 0.087500
6 0.502344 0.622917 0.057813 0.087500
6 0.564844 0.581250 0.057813 0.087500
6 0.625781 0.539583 0.057813 0.087500
6 0.588281 0.456250 0.057813 0.087500
6 0.536719 0.500000 0.057813 0.087500
6 0.477344 0.531250 0.057813 0.087500
6 0.421094 0.564583 0.057813 0.087500
6 0.353906 0.608333 0.057813 0.087500
6 0.314844 0.533333 0.057813 0.087500
6 0.369531 0.477083 0.057813 0.087500
6 0.430469 0.437500 0.057813 0.087500
6 0.485156 0.406250 0.057813 0.087500
6 0.549219 0.364583 0.057813 0.087500
6 0.519531 0.279167 0.057813 0.087500
6 0.458594 0.312500 0.057813 0.087500
6 0.342969 0.377083 0.057813 0.087500
6 0.399219 0.339583 0.057813 0.087500
6 0.275781 0.433333 0.057813 0.087500
6 0.233594 0.339583 0.057813 0.087500
6 0.294531 0.295833 0.057813 0.087500
6 0.350781 0.252083 0.057813 0.087500
6 0.419531 0.210417 0.057813 0.087500
6 0.492969 0.183333 0.057813 0.087500
6 0.461719 0.095833 0.057813 0.087500
6 0.391406 0.129167 0.057813 0.087500
6 0.338281 0.156250 0.057813 0.087500
6 0.253906 0.210417 0.057813 0.087500
6 0.189844 0.235417 0.057813 0.087500
6 0.152344 0.154167 0.057813 0.087500
6 0.232031 0.097917 0.057813 0.087500
6 0.294531 0.068750 0.057813 0.087500
6 0.360156 0.044792 0.057813 0.085417
