1 0.435937 0.842708 0.040625 0.068750
1 0.492188 0.796875 0.043750 0.064583
1 0.473438 0.715625 0.043750 0.064583
1 0.443750 0.640625 0.043750 0.064583
1 0.484375 0.528125 0.043750 0.064583
1 0.517188 0.428125 0.043750 0.064583
1 0.578125 0.390625 0.043750 0.064583
1 0.553125 0.311458 0.043750 0.064583
1 0.495312 0.334375 0.043750 0.064583
1 0.528125 0.226042 0.043750 0.064583
1 0.475000 0.257292 0.043750 0.064583
1 0.514062 0.132292 0.043750 0.064583
1 0.460938 0.146875 0.043750 0.064583
1 0.488281 0.047917 0.054688 0.075000
1 0.441406 0.070833 0.054688 0.075000
1 0.385156 0.097917 0.054688 0.075000
1 0.391406 0.183333 0.054688 0.075000
1 0.421094 0.268750 0.054688 0.075000
1 0.442969 0.360417 0.054688 0.075000
1 0.467187 0.444792 0.053125 0.072917
1 0.407813 0.463542 0.053125 0.072917
1 0.426563 0.555208 0.053125 0.072917
1 0.393750 0.392708 0.053125 0.072917
1 0.373437 0.298958 0.053125 0.072917
1 0.334375 0.209375 0.053125 0.072917
1 0.315625 0.132292 0.053125 0.072917
1 0.293750 0.037500 0.053125 0.070833
1 0.239063 0.046875 0.053125 0.072917
1 0.260937 0.142708 0.053125 0.072917
1 0.282813 0.230208 0.053125 0.072917
1 0.307812 0.309375 0.053125 0.072917
1 0.327344 0.388542 0.057813 0.077083
1 0.344531 0.473958 0.057813 0.077083
1 0.364844 0.559375 0.057813 0.077083
1 0.394531 0.655208 0.057813 0.077083
1 0.410156 0.730208 0.057813 0.077083
1 0.363281 0.759375 0.057813 0.077083
1 0.374219 0.842708 0.057813 0.077083
1 0.324219 0.864583 0.039062 0.070833
1 0.264062 0.892708 0.037500 0.064583
1 0.300000 0.786458 0.037500 0.064583
1 0.250000 0.813542 0.037500 0.064583
1 0.337500 0.676042 0.037500 0.064583
1 0.282813 0.709375 0.037500 0.064583
1 0.223438 0.726042 0.037500 0.064583
1 0.314063 0.594792 0.037500 0.064583
1 0.265625 0.623958 0.037500 0.064583
1 0.200781 0.646875 0.042188 0.068750
1 0.182031 0.565625 0.042188 0.068750
1 0.241406 0.548958 0.042188 0.068750
1 0.288281 0.517708 0.042188 0.068750
1 0.277344 0.428125 0.042188 0.068750
1 0.215625 0.463542 0.050000 0.081250
1 0.159375 0.480208 0.050000 0.081250
1 0.131250 0.388542 0.050000 0.081250
1 0.192188 0.378125 0.050000 0.081250
1 0.246875 0.348958 0.050000 0.081250
1 0.228125 0.263542 0.050000 0.081250
1 0.165625 0.286458 0.050000 0.081250
1 0.103125 0.298958 0.050000 0.081250
1 0.081250 0.215625 0.050000 0.081250
1 0.142187 0.192708 0.050000 0.081250
1 0.207813 0.169792 0.050000 0.081250
1 0.185938 0.078125 0.050000 0.081250
1 0.128125 0.101042 0.050000 0.081250
1 0.054688 0.121875 0.050000 0.081250
