8 0.638281 0.137500 0.048438 0.079167
8 0.685156 0.166667 0.048438 0.079167
8 0.741406 0.210417 0.048438 0.079167
8 0.789844 0.264583 0.048438 0.079167
8 0.852344 0.295833 0.048438 0.079167
8 0.907031 0.354167 0.048438 0.079167
8 0.975781 0.404167 0.048438 0.079167
8 0.924219 0.504167 0.048438 0.079167
8 0.869531 0.439583 0.048438 0.079167
8 0.808594 0.393750 0.048438 0.079167
8 0.744531 0.339583 0.048438 0.079167
8 0.696094 0.300000 0.048438 0.079167
8 0.650781 0.250000 0.048438 0.079167
8 0.600781 0.210417 0.048438 0.079167
8 0.558594 0.281250 0.048438 0.079167
8 0.605469 0.329167 0.039062 0.070833
8 0.639844 0.364583 0.048438 0.079167
8 0.694531 0.406250 0.048438 0.079167
8 0.739844 0.462500 0.048438 0.079167
8 0.805469 0.510417 0.048438 0.079167
8 0.866406 0.568750 0.048438 0.079167
8 0.930469 0.625000 0.048438 0.079167
8 0.817969 0.639583 0.048438 0.079167
8 0.877344 0.725000 0.048438 0.079167
8 0.755469 0.610417 0.048438 0.079167
8 0.691406 0.539583 0.048438 0.079167
8 0.653906 0.495833 0.048438 0.079167
8 0.608594 0.441667 0.048438 0.079167
8 0.566406 0.400000 0.048438 0.079167
8 0.508594 0.347917 0.048438 0.079167
8 0.474219 0.420833 0.048438 0.079167
8 0.514844 0.460417 0.048438 0.079167
8 0.560156 0.500000 0.048438 0.079167
8 0.597656 0.562500 0.048438 0.079167
8 0.647656 0.614583 0.048438 0.079167
8 0.703906 0.675000 0.048438 0.079167
8 0.755469 0.722917 0.048438 0.079167
8 0.827344 0.800000 0.048438 0.079167
8 0.780469 0.910417 0.048438 0.079167
8 0.725781 0.827083 0.048438 0.079167
8 0.657031 0.756250 0.048438 0.079167
8 0.605469 0.700000 0.048438 0.079167
8 0.558594 0.641667 0.048438 0.079167
8 0.519531 0.589583 0.048438 0.079167
8 0.469531 0.529167 0.048438 0.079167
8 0.433594 0.483333 0.048438 0.079167
8 0.382031 0.545833 0.048438 0.079167
8 0.422656 0.577083 0.048438 0.079167
8 0.460156 0.643750 0.048438 0.079167
8 0.511719 0.700000 0.048438 0.079167
8 0.549219 0.752083 0.048438 0.079167
8 0.603906 0.825000 0.048438 0.079167
8 0.658594 0.897917 0.048438 0.079167
8 0.721094 0.960417 0.048438 0.079167
8 0.607031 0.968750 0.051562 0.062500
8 0.560156 0.907292 0.042188 0.060417
8 0.516406 0.832292 0.042188 0.060417
8 0.469531 0.765625 0.042188 0.060417
8 0.417969 0.711458 0.042188 0.060417
8 0.380469 0.659375 0.042188 0.060417
8 0.344531 0.617708 0.042188 0.060417
8 0.301563 0.681250 0.043750 0.054167
8 0.256250 0.764583 0.043750 0.054167
8 0.304688 0.797917 0.043750 0.054167
8 0.335938 0.731250 0.043750 0.054167
8 0.373437 0.781250 0.043750 0.054167
8 0.421875 0.853125 0.043750 0.047917
8 0.456250 0.905208 0.043750 0.047917
8 0.332813 0.871875 0.043750 0.047917
